1024 0.311055
1048576 0.0225083
120 1.32577
125 1.04284
128 0.979467
131072 0.039475
15625 0.0614079
1597 0.213095
16 4.3439
16384 0.0640456
177147 0.036137
19683 0.0643888
2048 0.259693
2187 0.258979
233 0.78191
243 0.733624
25 3.14863
2520 0.285089
256 0.666887
262144 0.0337288
27 3.0645
28657 0.0862612
3125 0.209265
32 2.74878
32768 0.0842907
360 0.545589
390625 0.0251632
4096 0.250054
5040 0.27371
512 0.467185
514229 0.0195159
524288 0.0189108
531441 0.0173264
55440 0.0633862
59049 0.0630631
60 1.51267
625 0.492661
64 1.50054
65536 0.0691406
6561 0.194295
720720 0.0169044
729 0.398064
78125 0.0627682
81 1.31253
8192 0.139403
89 1.3498
