16 3.50686
32 2.20719
64 1.37417
128 0.874303
256 0.532761
512 0.351928
1024 0.230456
2048 0.144501
4096 0.0989055
8192 0.058491
16384 0.036051
32768 0.0236063
65536 0.0157386
131072 0.00984966
262144 0.00626661
524288 0.00383968
1048576 0.00291132
27 2.39692
81 1.26045
243 0.591124
729 0.253739
2187 0.135028
6561 0.0676115
19683 0.0344016
59049 0.0171729
177147 0.00802798
531441 0.00409077
25 2.549
125 0.921296
625 0.308613
3125 0.108736
15625 0.0363494
78125 0.014771
390625 0.00512937
89 1.24036
233 0.622591
1597 0.181459
28657 0.0244875
514229 0.00409923
60 1.37743
120 0.937137
360 0.472756
2520 0.120236
5040 0.0845057
55440 0.0177092
720720 0.00335881
