105 1.08691
1052834 0.00240544
1065 0.218194
118800 0.0101494
134250 0.0100487
13615 0.0427158
145299 0.00865003
160 0.799343
16095 0.0384186
17442 0.0345296
175480 0.00868647
181936 0.00791872
1854 0.161211
20 2.75197
20360 0.0314165
209583 0.00705201
2166 0.147675
225 0.663184
2540 0.121161
264328 0.00632446
28980 0.0285736
310 0.539609
33041 0.0262877
3388 0.103201
35 2.00177
39750 0.0206041
400896 0.00443388
418 0.416302
4392 0.0974184
522976 0.00408143
536333 0.00367804
540 0.351664
55888 0.0166593
5590 0.0806535
62060 0.0152157
66 1.40863
68700 0.0141874
689 0.296776
6972 0.064741
72224 0.0155965
732072 0.00317577
7743 0.0604311
79569 0.0130813
8580 0.0619855
868 0.298203
91476 0.013156
