16 3.78427
32 3.14329
64 2.40989
128 1.57581
256 1.23811
512 1.04897
1024 0.846565
2048 0.753881
4096 0.643093
8192 0.552682
16384 0.456734
32768 0.418549
65536 0.409965
131072 0.39537
262144 0.395298
524288 0.38021
1048576 0.382059
27 3.2461
81 2.11848
243 1.25207
729 0.894281
2187 0.722344
6561 0.564578
19683 0.439042
59049 0.410492
177147 0.397548
531441 0.380482
25 3.37769
125 1.58075
625 0.971678
3125 0.629882
15625 0.484334
78125 0.399689
390625 0.385618
89 2.18283
233 1.19624
1597 0.777689
28657 0.418428
514229 0.380294
60 2.5986
120 1.65487
360 1.08313
2520 0.650461
5040 0.569353
55440 0.405694
720720 0.384316
