7416 0.186055
7416 0.195303
7416 0.23821
7416 0.182847
7416 0.205143
7416 0.223585
7416 0.216387
7416 0.20171
7416 0.219845
7416 0.220454
12648 0.147155
12648 0.157817
12648 0.196838
12648 0.154521
12648 0.191457
12648 0.130139
12648 0.17139
12648 0.139957
12648 0.16276
12648 0.154749
216 1.02735
216 1.35605
216 1.21778
216 1.63936
216 1.03217
216 1.25584
216 1.21808
216 1.30716
216 1.04811
216 1.16908
24 3.23773
24 3.691
24 3.32768
24 3.83508
24 2.8989
24 3.28891
24 3.363
24 3.61625
24 3.15732
24 2.92159
27672 0.0948008
27672 0.104715
27672 0.0896221
27672 0.101207
27672 0.116078
27672 0.0943594
27672 0.103638
27672 0.111562
27672 0.103699
27672 0.119523
28824 0.0955848
28824 0.108891
28824 0.0908661
28824 0.106758
28824 0.111355
28824 0.104386
28824 0.103993
28824 0.101978
28824 0.100115
28824 0.122294
39384 0.0793274
39384 0.0959831
39384 0.0780585
39384 0.0926363
39384 0.0869993
39384 0.0966396
39384 0.0716998
39384 0.0921947
39384 0.0859725
39384 0.103227
4344 0.267706
4344 0.265786
4344 0.354106
4344 0.361027
4344 0.299907
4344 0.268873
4344 0.262794
4344 0.282873
4344 0.220119
4344 0.288046
53256 0.0598844
53256 0.0802136
53256 0.0789712
53256 0.0840018
53256 0.0808754
53256 0.0865751
53256 0.0713079
53256 0.0694554
53256 0.0897289
53256 0.0790986
648 0.808324
648 0.660656
648 0.650969
648 0.697355
648 0.660513
648 0.71228
648 0.664384
648 0.573264
648 0.544163
648 0.498704
70728 0.0509698
70728 0.0674753
70728 0.0750424
70728 0.0753886
70728 0.0727453
70728 0.07454
70728 0.0757215
70728 0.0627232
70728 0.0718081
70728 0.0673947
89592 0.047305
89592 0.0575339
89592 0.0645001
89592 0.0574249
89592 0.0581156
89592 0.0699074
89592 0.0514428
89592 0.0529404
89592 0.0655727
89592 0.0623804
113976 0.0475963
113976 0.0561621
113976 0.0545133
113976 0.0485527
113976 0.057724
113976 0.0636426
113976 0.0503112
113976 0.0472697
113976 0.0536108
113976 0.0499547
141096 0.0374992
141096 0.0542739
141096 0.0388215
141096 0.0456909
141096 0.039198
141096 0.0487822
141096 0.0475688
141096 0.0463667
141096 0.0466888
141096 0.0514488
170664 0.0370921
170664 0.0516355
170664 0.0436773
170664 0.0375607
170664 0.0399017
170664 0.046648
170664 0.0430998
170664 0.0401892
170664 0.0475746
170664 0.0480728
19560 0.126727
19560 0.126388
19560 0.121529
19560 0.128955
19560 0.14306
19560 0.0986151
19560 0.142775
19560 0.117687
19560 0.128275
19560 0.127571
1992 0.429612
1992 0.41136
1992 0.426746
1992 0.421482
1992 0.464512
1992 0.434767
1992 0.448563
1992 0.334449
1992 0.332317
1992 0.347102
207576 0.0333207
207576 0.0433901
207576 0.035224
207576 0.0410548
207576 0.0345082
207576 0.0401295
207576 0.0355768
207576 0.0394639
207576 0.0402686
207576 0.0497677
60 2.10505
60 2.36358
60 2.26937
60 1.89717
60 2.24746
60 2.1513
60 2.00784
60 2.43115
60 2.01627
60 2.37376
360 0.862855
360 1.08401
360 0.783672
360 0.957516
360 0.95693
360 1.08875
360 0.844817
360 0.90836
360 0.860585
360 0.807529
16 3.73608
16 3.47386
16 3.31465
16 4.28233
16 3.68637
16 4.18201
16 4.12964
16 4.40105
16 3.80423
16 3.70205
32 2.81073
32 2.63686
32 3.30893
32 2.57344
32 3.32941
32 2.87357
32 3.07945
32 2.8431
32 3.01236
32 2.57319
64 1.91999
64 2.33655
64 2.20575
64 1.88891
64 2.11893
64 1.9531
64 1.94653
64 2.40386
64 2.1088
64 2.49713
128 1.50263
128 1.5376
128 1.46612
128 1.42627
128 1.41985
128 1.75122
128 1.51017
128 1.56588
128 1.19231
128 1.3837
256 0.985301
256 1.37747
256 1.13782
256 1.40014
256 0.945122
256 1.31407
256 1.07107
256 1.11666
256 0.98151
256 1.10578
512 0.767772
512 0.956423
512 0.700506
512 0.758266
512 0.789737
512 0.789295
512 0.683141
512 0.69226
512 0.634327
512 0.608336
1024 0.533646
1024 0.516677
1024 0.597481
1024 0.566537
1024 0.564986
1024 0.544015
1024 0.58109
1024 0.438696
1024 0.478636
1024 0.477612
2048 0.438689
2048 0.37143
2048 0.418835
2048 0.41654
2048 0.454165
2048 0.443999
2048 0.46635
2048 0.342534
2048 0.311821
2048 0.347929
4096 0.279378
4096 0.264244
4096 0.366109
4096 0.35749
4096 0.296761
4096 0.259425
4096 0.296421
4096 0.308731
4096 0.227517
4096 0.288574
8192 0.190191
8192 0.213019
8192 0.229308
8192 0.169417
8192 0.213277
8192 0.211254
8192 0.197497
8192 0.185881
8192 0.198881
8192 0.222121
16384 0.131522
16384 0.154002
16384 0.147413
16384 0.125903
16384 0.16815
16384 0.108031
16384 0.158692
16384 0.118005
16384 0.137547
16384 0.126421
32768 0.0864065
32768 0.0922497
32768 0.093541
32768 0.0937494
32768 0.0963186
32768 0.0948374
32768 0.0869882
32768 0.0967615
32768 0.0974111
32768 0.116917
65536 0.0539265
65536 0.064321
65536 0.0729088
65536 0.0785908
65536 0.0727194
65536 0.0785528
65536 0.0711475
65536 0.0632045
65536 0.074997
65536 0.0708352
131072 0.0407412
131072 0.0535636
131072 0.0442712
131072 0.0450402
131072 0.0442898
131072 0.0570238
131072 0.0491986
131072 0.0435043
131072 0.0507794
131072 0.0495106
262144 0.0289513
262144 0.0363963
262144 0.0372005
262144 0.0363025
262144 0.0337554
262144 0.0314895
262144 0.0283039
262144 0.0300198
262144 0.0355313
262144 0.0368816
524288 0.0196628
524288 0.0250871
524288 0.023055
524288 0.0217821
524288 0.022198
524288 0.0268533
524288 0.0230587
524288 0.0222762
524288 0.0233085
524288 0.0249487
1048576 0.0164982
1048576 0.0199387
1048576 0.017381
1048576 0.0163311
1048576 0.0156682
1048576 0.0179367
1048576 0.017407
1048576 0.0139429
1048576 0.0146182
1048576 0.0169721
27 3.25623
27 3.06428
27 3.24015
27 3.1497
27 3.02657
27 3.06044
27 3.45439
27 3.61625
27 3.02024
27 2.83226
81 1.96617
81 2.1071
81 1.88153
81 1.95745
81 1.82743
81 2.1238
81 2.07151
81 2.30717
81 1.73833
81 1.9412
243 1.04696
243 1.40174
243 1.12297
243 1.38602
243 0.95004
243 1.29356
243 1.18764
243 1.17616
243 0.990527
243 1.13084
729 0.667885
729 0.611502
729 0.625739
729 0.708547
729 0.636423
729 0.691013
729 0.710538
729 0.590518
729 0.517217
729 0.491006
2187 0.425364
2187 0.351955
2187 0.394883
2187 0.399485
2187 0.426792
2187 0.406929
2187 0.456678
2187 0.355997
2187 0.26911
2187 0.320841
6561 0.215297
6561 0.197398
6561 0.254329
6561 0.213282
6561 0.211606
6561 0.23915
6561 0.218955
6561 0.210104
6561 0.230351
6561 0.252626
19683 0.123956
19683 0.129876
19683 0.117668
19683 0.129287
19683 0.136043
19683 0.0995688
19683 0.143678
19683 0.114217
19683 0.129123
19683 0.127563
59049 0.057475
59049 0.0741456
59049 0.0750006
59049 0.0832918
59049 0.080002
59049 0.0735165
59049 0.0749116
59049 0.0603157
59049 0.0793175
59049 0.0710046
177147 0.037315
177147 0.0484993
177147 0.0399541
177147 0.0414909
177147 0.0378363
177147 0.0443141
177147 0.0423495
177147 0.0415799
177147 0.0474502
177147 0.0484262
531441 0.0201444
531441 0.0250566
531441 0.0231863
531441 0.0216663
531441 0.0229703
531441 0.0264718
531441 0.0219699
531441 0.020757
531441 0.0226606
531441 0.0264961
25 3.27063
25 3.44426
25 3.14674
25 3.45675
25 2.9699
25 3.07507
25 3.55143
25 3.64692
25 3.16349
25 2.79126
125 1.51065
125 1.58963
125 1.58455
125 1.476
125 1.41184
125 1.68511
125 1.50127
125 1.63033
125 1.3311
125 1.43897
625 0.83881
625 0.673079
625 0.634784
625 0.710528
625 0.68515
625 0.731581
625 0.765494
625 0.586793
625 0.598471
625 0.484437
3125 0.330309
3125 0.356399
3125 0.378475
3125 0.409355
3125 0.354956
3125 0.326113
3125 0.32779
3125 0.367805
3125 0.271642
3125 0.328537
15625 0.136313
15625 0.15224
15625 0.143978
15625 0.132888
15625 0.171052
15625 0.116531
15625 0.151222
15625 0.125705
15625 0.138972
15625 0.128592
78125 0.0507194
78125 0.0649592
78125 0.0760768
78125 0.0714019
78125 0.0726218
78125 0.069501
78125 0.0594646
78125 0.0597235
78125 0.0747831
78125 0.0654798
390625 0.0192223
390625 0.0326485
390625 0.0328187
390625 0.0274072
390625 0.0249344
390625 0.0291249
390625 0.0277513
390625 0.0272611
390625 0.0261513
390625 0.0303468
