16 3.55365
32 3.01237
64 1.93551
128 1.60989
256 0.870573
512 0.724934
1024 0.489097
2048 0.366021
4096 0.289658
8192 0.189738
16384 0.132651
32768 0.0771354
65536 0.0629064
131072 0.0449448
262144 0.0337013
524288 0.0264579
1048576 0.0166136
27 3.25226
81 1.90661
243 0.923088
729 0.643295
2187 0.344685
6561 0.185149
19683 0.105051
59049 0.0646043
177147 0.0434223
531441 0.0271391
25 3.29612
125 1.58152
625 0.696315
3125 0.312235
15625 0.135543
78125 0.0585574
390625 0.0268778
89 1.8231
233 0.894736
1597 0.419141
28657 0.0873276
514229 0.0263431
60 2.13085
120 1.64073
360 0.829268
2520 0.322096
5040 0.217802
55440 0.0655415
720720 0.0229427
16 4.74121
32 2.89444
64 2.08333
128 1.54253
256 1.26816
512 0.734903
1024 0.56269
2048 0.338944
4096 0.256288
8192 0.198388
16384 0.115156
32768 0.092472
65536 0.0686197
131072 0.0482097
262144 0.0341977
524288 0.0228166
1048576 0.016113
27 3.14651
81 1.9266
243 1.20994
729 0.699662
2187 0.328096
6561 0.191321
19683 0.112019
59049 0.0772781
177147 0.0408755
531441 0.0225666
25 3.62279
125 1.47224
625 0.667862
3125 0.306063
15625 0.129402
78125 0.0667341
390625 0.0240773
89 1.95562
233 1.36926
1597 0.411971
28657 0.117355
514229 0.0236897
60 2.08313
120 1.65318
360 1.11909
2520 0.329995
5040 0.193183
55440 0.0774657
720720 0.0199167
16 3.98836
32 3.37151
64 2.50701
128 1.74491
256 1.23716
512 0.867823
1024 0.550498
2048 0.431216
4096 0.251658
8192 0.179246
16384 0.135045
32768 0.0974899
65536 0.0747834
131072 0.055897
262144 0.0419149
524288 0.0289321
1048576 0.0199484
27 3.30515
81 2.0777
243 1.27793
729 0.644722
2187 0.373412
6561 0.214835
19683 0.124389
59049 0.0802923
177147 0.0476098
531441 0.0289981
25 3.74162
125 1.66534
625 0.637463
3125 0.323129
15625 0.129339
78125 0.0735854
390625 0.0346341
89 2.13611
233 1.28913
1597 0.484688
28657 0.10864
514229 0.028968
60 2.54457
120 1.72005
360 0.982859
2520 0.345962
5040 0.202806
55440 0.0835546
720720 0.0218084
16 4.39571
32 3.59515
64 2.26379
128 1.54588
256 1.14659
512 0.727082
1024 0.516147
2048 0.385756
4096 0.263895
8192 0.183187
16384 0.135614
32768 0.0955263
65536 0.06269
131072 0.0505328
262144 0.044622
524288 0.0368847
1048576 0.0179458
27 3.45878
81 2.01916
243 1.14239
729 0.669196
2187 0.332977
6561 0.265344
19683 0.118487
59049 0.064475
177147 0.0471932
531441 0.0365721
25 3.80869
125 1.53416
625 0.587364
3125 0.272396
15625 0.143999
78125 0.0586878
390625 0.03583
89 1.71052
233 1.12754
1597 0.411803
28657 0.0915567
514229 0.0373073
60 2.24323
120 1.62299
360 0.903184
2520 0.308347
5040 0.264197
55440 0.0692164
720720 0.0298356
16 4.5199
32 2.94142
64 2.29412
128 1.57101
256 1.12574
512 0.888672
1024 0.587094
2048 0.377594
4096 0.3444
8192 0.24847
16384 0.141147
32768 0.105012
65536 0.0711253
131072 0.0439925
262144 0.0356122
524288 0.022281
1048576 0.0186266
27 3.30534
81 2.08687
243 1.0645
729 0.725662
2187 0.374789
6561 0.287132
19683 0.1268
59049 0.0736177
177147 0.0451028
531441 0.0214146
25 3.71474
125 1.64549
625 0.82095
3125 0.305058
15625 0.162204
78125 0.0604307
390625 0.0238659
89 1.90799
233 1.2036
1597 0.397133
28657 0.108536
514229 0.0228743
60 2.21837
120 1.78366
360 0.998008
2520 0.30604
5040 0.27621
55440 0.0747225
720720 0.0237269
16 3.99966
32 2.67943
64 1.82599
128 1.51347
256 1.18976
512 0.740524
1024 0.500396
2048 0.379655
4096 0.231997
8192 0.170454
16384 0.1198
32768 0.0893172
65536 0.0761694
131072 0.0569948
262144 0.0317158
524288 0.0219534
1048576 0.0157927
27 3.0661
81 1.63816
243 1.12043
729 0.606854
2187 0.378603
6561 0.206667
19683 0.107693
59049 0.073352
177147 0.0429163
531441 0.0225237
25 3.22694
125 1.4413
625 0.631454
3125 0.353534
15625 0.131511
78125 0.0676249
390625 0.0230845
89 1.73683
233 1.1661
1597 0.448985
28657 0.105611
514229 0.0224396
60 1.86711
120 1.55973
360 0.815134
2520 0.362175
5040 0.247296
55440 0.0737316
720720 0.0173992
16 4.18031
32 3.72174
64 2.31233
128 1.62401
256 1.16125
512 0.723877
1024 0.599674
2048 0.511584
4096 0.352553
8192 0.257616
16384 0.148222
32768 0.108055
65536 0.0733944
131072 0.0506259
262144 0.0391936
524288 0.0248939
1048576 0.0181957
27 3.93878
81 2.00336
243 1.13444
729 0.613558
2187 0.501354
6561 0.276112
19683 0.1335
59049 0.0834317
177147 0.0449304
531441 0.0247175
25 4.2617
125 1.6783
625 0.710008
3125 0.369813
15625 0.153687
78125 0.0778052
390625 0.0279712
89 1.88836
233 1.11184
1597 0.568849
28657 0.119856
514229 0.0255254
60 2.42289
120 1.58289
360 1.02578
2520 0.500903
5040 0.333526
55440 0.0888452
720720 0.0211671
16 4.41846
32 2.85719
64 1.94559
128 1.36637
256 1.10974
512 0.863599
1024 0.581971
2048 0.335304
4096 0.286197
8192 0.162349
16384 0.123303
32768 0.0988591
65536 0.0705117
131072 0.0520375
262144 0.0382876
524288 0.0261872
1048576 0.0160892
27 2.99908
81 1.82992
243 1.17891
729 0.616468
2187 0.33612
6561 0.216106
19683 0.115116
59049 0.070594
177147 0.0427
531441 0.0270558
25 3.18916
125 1.39706
625 0.759413
3125 0.300226
15625 0.123996
78125 0.0656136
390625 0.0268911
89 1.57615
233 1.19545
1597 0.385423
28657 0.0970611
514229 0.0268202
60 2.19976
120 1.47602
360 0.926358
2520 0.352702
5040 0.246102
55440 0.0671641
720720 0.0214014
16 3.84068
32 2.63753
64 2.38545
128 1.6618
256 1.26527
512 0.795461
1024 0.555156
2048 0.383983
4096 0.252525
8192 0.189819
16384 0.135609
32768 0.0931
65536 0.0704167
131072 0.0459588
262144 0.032675
524288 0.0262172
1048576 0.0157422
27 2.93454
81 2.43381
243 1.19628
729 0.626008
2187 0.382235
6561 0.197015
19683 0.132321
59049 0.0679479
177147 0.0399517
531441 0.0247369
25 2.93747
125 1.71053
625 0.712178
3125 0.304484
15625 0.13644
78125 0.0585974
390625 0.0312132
89 2.21887
233 1.2186
1597 0.433242
28657 0.109027
514229 0.0262377
60 2.33265
120 1.85199
360 1.14782
2520 0.368496
5040 0.21868
55440 0.0703378
720720 0.021579
16 4.25006
32 2.96555
64 2.08018
128 1.39014
256 0.874042
512 0.662704
1024 0.562025
2048 0.34757
4096 0.251875
8192 0.213509
16384 0.157988
32768 0.113246
65536 0.0798395
131072 0.0489771
262144 0.0348738
524288 0.0202781
1048576 0.0187614
27 3.40475
81 1.81745
243 0.865654
729 0.629598
2187 0.329591
6561 0.22221
19683 0.151532
59049 0.0794377
177147 0.0409942
531441 0.0196386
25 3.74192
125 1.34573
625 0.652711
3125 0.263393
15625 0.156448
78125 0.0650472
390625 0.021857
89 1.6251
233 0.916888
1597 0.396162
28657 0.132263
514229 0.0191994
60 2.0185
120 1.39602
360 0.731535
2520 0.287698
5040 0.235741
55440 0.0813702
720720 0.0200525
