1024 0.222761 0.149097 1.49407
1048576 0.0244874 0.0147646 1.65852
120 0.491204 0.306559 1.60232
125 0.473631 0.302349 1.5665
128 0.418488 0.29993 1.39528
131072 0.0482009 0.0295308 1.63222
15625 0.0850288 0.0600168 1.41675
1597 0.21559 0.128506 1.67767
16 0.818917 0.615317 1.33089
16384 0.0850288 0.0590748 1.43934
177147 0.0481224 0.0267092 1.80171
19683 0.0828601 0.0555687 1.49113
2048 0.163298 0.118255 1.38089
2187 0.163298 0.115689 1.41152
233 0.329889 0.245012 1.34642
243 0.329889 0.241569 1.36561
25 0.806061 0.525421 1.53412
2520 0.163298 0.110339 1.47996
256 0.329889 0.237368 1.38978
262144 0.0364688 0.023438 1.55597
27 0.804654 0.511457 1.57326
28657 0.0737492 0.0490258 1.50429
3125 0.146516 0.102688 1.42681
32 0.788293 0.482052 1.63529
32768 0.0709979 0.0468825 1.51438
360 0.274138 0.21166 1.29518
390625 0.0315213 0.0205199 1.53613
4096 0.1317 0.0938178 1.40379
5040 0.126362 0.0875426 1.44343
512 0.257049 0.188061 1.36684
514229 0.0303024 0.0187229 1.61846
524288 0.0303024 0.0186024 1.62895
531441 0.0303024 0.0185186 1.63633
55440 0.0616568 0.0393426 1.56718
59049 0.0599973 0.0385239 1.5574
60 0.567783 0.38814 1.46283
625 0.256453 0.1759 1.45795
64 0.556679 0.379664 1.46624
65536 0.0599973 0.0372081 1.61248
6561 0.120985 0.0801667 1.50917
720720 0.0268107 0.0167302 1.60253
729 0.235188 0.167059 1.40782
78125 0.0561076 0.035091 1.59892
81 0.491204 0.350341 1.40207
8192 0.110454 0.0744426 1.48375
89 0.491204 0.339289 1.44774
