7416 0.0847869 0.0769559 1.10176
12648 0.0712952 0.064401 1.10705
216 0.318296 0.251346 1.26636
24 0.548028 0.532999 1.0282
27672 0.0575525 0.049601 1.16031
28824 0.0565356 0.0489309 1.15542
39384 0.0501442 0.0440939 1.13722
4344 0.107265 0.0919947 1.16599
53256 0.0460143 0.0398733 1.15401
648 0.181773 0.173782 1.04598
70728 0.0410677 0.0362742 1.13215
89592 0.038158 0.0335247 1.13821
113976 0.0348844 0.0309393 1.12751
141096 0.0325947 0.0288141 1.1312
170664 0.0307946 0.0270433 1.13871
19560 0.0646104 0.055685 1.16028
1992 0.14219 0.119356 1.19132
207576 0.028453 0.0253344 1.12309
60 0.38814 0.38814 1
360 0.242466 0.21166 1.14554
