16 0.850262 0.615317 1.38183
32 0.671188 0.482052 1.39236
64 0.53175 0.379664 1.40058
128 0.409244 0.29993 1.36446
256 0.330238 0.237368 1.39125
512 0.258471 0.188061 1.3744
1024 0.199759 0.149097 1.33979
2048 0.162368 0.118255 1.37303
4096 0.122746 0.0938178 1.30835
8192 0.0968551 0.0744426 1.30107
16384 0.0764586 0.0590748 1.29427
32768 0.0629167 0.0468825 1.34201
65536 0.0513176 0.0372081 1.3792
131072 0.0417717 0.0295308 1.41451
262144 0.0339619 0.023438 1.44901
524288 0.0266858 0.0186024 1.43453
1048576 0.0212287 0.0147646 1.43781
27 0.711586 0.511457 1.39129
81 0.492604 0.350341 1.40607
243 0.334206 0.241569 1.38348
729 0.22744 0.167059 1.36143
2187 0.159897 0.115689 1.38213
6561 0.103241 0.0801667 1.28783
19683 0.0734035 0.0555687 1.32095
59049 0.052931 0.0385239 1.37398
177147 0.038897 0.0267092 1.45631
531441 0.0265335 0.0185186 1.4328
25 0.73256 0.525421 1.39423
125 0.413644 0.302349 1.3681
625 0.242543 0.1759 1.37887
3125 0.137699 0.102688 1.34094
15625 0.0773443 0.0600168 1.28871
78125 0.048118 0.035091 1.37123
390625 0.0292105 0.0205199 1.42352
89 0.476644 0.339289 1.40483
233 0.337575 0.245012 1.37779
1597 0.173246 0.128506 1.34816
28657 0.0664478 0.0490258 1.35536
514229 0.0268803 0.0187229 1.43569
60 0.546539 0.38814 1.4081
120 0.42147 0.306559 1.37484
360 0.294209 0.21166 1.39001
2520 0.151398 0.110339 1.37212
5040 0.114394 0.0875426 1.30672
55440 0.0536189 0.0393426 1.36287
720720 0.0236442 0.0167302 1.41326
