1115676 0.0182167 0.0145049 1.2559
12308 0.0856629 0.0659989 1.29794
123516 0.0374263 0.0302917 1.23553
154998 0.0349209 0.0280636 1.24435
1564 0.202345 0.132387 1.52844
191420 0.0330423 0.0261482 1.26365
19188 0.0799038 0.0567141 1.40889
230580 0.0306114 0.0245926 1.24474
277632 0.0302559 0.0230693 1.31152
28890 0.0626278 0.0492167 1.27249
3564 0.141429 0.0999543 1.41494
41412 0.0616358 0.0436383 1.41242
452226 0.0257405 0.0196202 1.31194
462 0.340719 0.19787 1.72194
525028 0.0240758 0.0186659 1.28983
56112 0.0506866 0.0394551 1.28467
60 0.41564 0.38814 1.07085
600408 0.0238916 0.01783 1.33997
7056 0.123126 0.0793283 1.5521
75144 0.0445769 0.0358256 1.24428
783632 0.0197796 0.016321 1.21191
98056 0.0418784 0.0327555 1.27852
