105 0.36958 0.320758 1.15221
1052834 0.0183453 0.0147447 1.2442
1065 0.177937 0.147151 1.20921
118800 0.0381881 0.0305147 1.25147
134250 0.0360819 0.0292959 1.23164
13615 0.0750161 0.0628376 1.19381
145299 0.0354559 0.0285335 1.2426
160 0.340731 0.278129 1.22508
16095 0.0740077 0.0594265 1.24537
17442 0.0727607 0.0578546 1.25765
175480 0.0334789 0.0267936 1.24951
181936 0.0330802 0.0264728 1.24959
1854 0.141482 0.122254 1.15728
20 0.653278 0.568365 1.1494
20360 0.0680363 0.0549455 1.23825
209583 0.0321691 0.0252533 1.27386
2166 0.14028 0.116062 1.20866
225 0.294917 0.247913 1.1896
2540 0.129784 0.110048 1.17934
264328 0.0286706 0.0233732 1.22664
28980 0.0594435 0.0488429 1.21703
310 0.252186 0.222568 1.13308
33041 0.0576051 0.046753 1.23212
3388 0.118204 0.0999543 1.18258
35 0.521591 0.467289 1.11621
39750 0.0542702 0.0439581 1.23459
400896 0.0253918 0.0203431 1.24818
418 0.2377 0.201305 1.18079
4392 0.110921 0.0916578 1.21017
522976 0.0231331 0.018618 1.24252
536333 0.0231706 0.0184621 1.25504
540 0.214538 0.184733 1.16134
55888 0.0488035 0.0392371 1.24381
5590 0.102951 0.0845682 1.21738
62060 0.0468812 0.0378904 1.23729
66 0.445288 0.375692 1.18525
68700 0.0444238 0.0366278 1.21285
689 0.203977 0.170247 1.19812
6972 0.0980282 0.0785577 1.24785
72224 0.045308 0.036022 1.25779
732072 0.0207933 0.0166433 1.24935
7743 0.0888253 0.0758559 1.17097
79569 0.0423358 0.0348774 1.21385
8580 0.0894243 0.073302 1.21994
868 0.184806 0.157577 1.1728
91476 0.0413934 0.0332929 1.24331
