16 0.872998 0.615317 1.41878
32 0.748584 0.482052 1.55291
64 0.661098 0.379664 1.74127
128 0.564943 0.29993 1.88358
256 0.430785 0.237368 1.81484
512 0.352661 0.188061 1.87524
1024 0.297186 0.149097 1.99324
2048 0.242206 0.118255 2.04817
4096 0.202975 0.0938178 2.16351
8192 0.159949 0.0744426 2.14862
16384 0.136901 0.0590748 2.31743
32768 0.100266 0.0468825 2.13865
65536 0.0859587 0.0372081 2.31021
131072 0.0683609 0.0295308 2.3149
262144 0.0554388 0.023438 2.36534
524288 0.0435199 0.0186024 2.33947
1048576 0.0351437 0.0147646 2.38027
27 0.842462 0.511457 1.64718
81 0.614868 0.350341 1.75505
243 0.469796 0.241569 1.94477
729 0.339501 0.167059 2.03222
2187 0.232819 0.115689 2.01245
6561 0.175163 0.0801667 2.18498
19683 0.129348 0.0555687 2.32771
59049 0.0863833 0.0385239 2.24233
177147 0.0617209 0.0267092 2.31084
531441 0.0435199 0.0185186 2.35007
25 0.846881 0.525421 1.61181
125 0.572411 0.302349 1.89321
625 0.339849 0.1759 1.93206
3125 0.211778 0.102688 2.06235
15625 0.136901 0.0600168 2.28105
78125 0.0801001 0.035091 2.28264
390625 0.0508381 0.0205199 2.4775
89 0.614868 0.339289 1.81222
233 0.469796 0.245012 1.91744
1597 0.255837 0.128506 1.99086
28657 0.109875 0.0490258 2.24116
514229 0.0442157 0.0187229 2.36158
60 0.724279 0.38814 1.86603
120 0.572411 0.306559 1.86721
360 0.38653 0.21166 1.82619
2520 0.23004 0.110339 2.08485
5040 0.194883 0.0875426 2.22615
55440 0.0863833 0.0393426 2.19567
720720 0.0393408 0.0167302 2.35148
