16 50.0191
16 55.5783
16 55.4652
16 54.6071
16 56.8936
16 57.58
16 59.9154
16 56.9268
16 53.7365
16 59.1187
32 42.8907
32 49.0558
32 47.436
32 50.3205
32 44.9331
32 50.7819
32 57.3041
32 48.3424
32 46.9851
32 48.209
64 37.8781
64 39.6485
64 44.0202
64 36.8138
64 41.0292
64 38.8119
64 42.9425
64 37.9584
64 40.343
64 34.9969
128 32.3689
128 33.5558
128 32.1705
128 33.7273
128 32.2457
128 33.8627
128 30.6006
128 30.3554
128 31.2075
128 31.427
256 24.6822
256 26.1167
256 25.3151
256 31.1712
256 25.6098
256 24.5177
256 26.8108
256 25.9944
256 27.8155
256 25.209
512 20.206
512 20.9549
512 20.6084
512 20.6949
512 20.2154
512 22.1517
512 19.6971
512 20.0566
512 21.0601
512 20.175
1024 17.0275
1024 17.843
1024 17.7629
1024 16.1085
1024 16.9383
1024 16.5225
1024 16.57
1024 17.3066
1024 17.0259
1024 18.4806
2048 13.8774
2048 14.5386
2048 13.1873
2048 14.6341
2048 13.6732
2048 14.096
2048 15.0762
2048 13.8693
2048 13.371
2048 13.8268
4096 11.6296
4096 11.7603
4096 11.3556
4096 11.2259
4096 11.428
4096 11.2673
4096 10.858
4096 11.3101
4096 10.8647
4096 11.5577
8192 9.1644
8192 9.50599
8192 9.4311
8192 9.16204
8192 8.74163
8192 9.42142
8192 8.97791
8192 9.08085
8192 9.09004
8192 8.98828
16384 7.84387
16384 7.40772
16384 7.36229
16384 7.40425
16384 7.31601
16384 7.35714
16384 7.02793
16384 7.46342
16384 7.55379
16384 7.90753
32768 5.74479
32768 5.98975
32768 6.15577
32768 5.79736
32768 6.3461
32768 6.05483
32768 6.06669
32768 6.1747
32768 6.20036
32768 6.14257
65536 4.92507
65536 5.01891
65536 4.93504
65536 4.76388
65536 4.65357
65536 4.83695
65536 4.74947
65536 5.00978
65536 4.94031
65536 5.01149
131072 3.91679
131072 4.04564
131072 3.84226
131072 3.95921
131072 3.95875
131072 3.85979
131072 3.90662
131072 3.83144
131072 3.81115
131072 3.83027
262144 3.17641
262144 3.21996
262144 3.20668
262144 3.21795
262144 3.3715
262144 3.09036
262144 3.07446
262144 3.2078
262144 3.34144
262144 3.02847
524288 2.4935
524288 2.5931
524288 2.5561
524288 2.6593
524288 2.50227
524288 2.49239
524288 2.47677
524288 2.51402
524288 2.515
524288 2.52621
1048576 2.01359
1048576 2.06485
1048576 2.04199
1048576 2.07561
1048576 2.05451
1048576 1.99923
1048576 2.00768
1048576 2.09009
1048576 2.01013
1048576 2.10255
27 48.2695
27 51.0528
27 52.81
27 54.0748
27 44.9331
27 52.9809
27 57.9426
27 52.3346
27 48.3504
27 48.2367
81 35.2293
81 37.7105
81 39.8082
81 36.0694
81 40.26
81 33.8627
81 39.4293
81 37.9584
81 40.1761
81 33.1925
243 26.9173
243 26.1167
243 25.3151
243 31.1712
243 25.6098
243 24.5177
243 27.3263
243 26.2727
243 27.8155
243 26.0109
729 19.4519
729 20.4457
729 19.1362
729 19.4083
729 18.6539
729 18.3766
729 18.9713
729 17.8189
729 18.7368
729 18.7807
2187 13.3395
2187 14.5386
2187 12.9171
2187 14.4913
2187 13.6732
2187 14.096
2187 15.0762
2187 13.8693
2187 13.2678
2187 13.5621
6561 10.0361
6561 9.52887
6561 9.55756
6561 9.69344
6561 9.83946
6561 10.812
6561 10.7225
6561 9.84743
6561 9.54734
6561 10.2225
19683 7.41108
19683 6.95391
19683 7.06041
19683 7.38328
19683 7.29493
19683 7.16436
19683 6.81374
19683 7.16738
19683 7.55379
19683 7.27749
59049 4.9494
59049 5.01891
59049 5.26678
59049 4.79333
59049 5.33517
59049 5.10507
59049 4.99968
59049 5.00978
59049 5.25357
59049 5.01149
177147 3.53635
177147 3.48929
177147 3.64816
177147 3.50923
177147 3.69062
177147 3.72264
177147 3.54736
177147 3.7049
177147 3.44315
177147 3.5501
531441 2.4935
531441 2.5931
531441 2.5561
531441 2.6593
531441 2.50227
531441 2.49239
531441 2.47677
531441 2.50642
531441 2.515
531441 2.52621
25 48.5227
25 51.0528
25 52.81
25 54.0748
25 48.6606
25 55.496
25 57.9426
25 52.3346
25 48.3504
25 53.7149
125 32.7967
125 33.5558
125 32.1705
125 33.7273
125 33.0903
125 33.8627
125 30.6006
125 30.3554
125 31.2075
125 31.427
625 19.4719
625 20.4457
625 19.1362
625 20.1898
625 19.2868
625 19.4638
625 19.15
625 20.0566
625 19.3906
625 19.9861
3125 12.134
3125 12.4695
3125 12.1226
3125 12.0512
3125 12.0621
3125 12.6827
3125 11.7987
3125 11.9874
3125 12.2804
3125 12.3811
15625 7.84387
15625 7.40772
15625 7.47909
15625 7.58582
15625 7.73283
15625 7.35714
15625 7.22263
15625 7.46342
15625 7.55421
15625 7.90753
78125 4.5894
78125 4.56755
78125 4.59508
78125 4.76388
78125 4.44408
78125 4.67206
78125 4.63638
78125 4.42387
78125 4.79876
78125 4.63047
390625 2.91281
390625 2.8595
390625 2.89129
390625 2.90061
390625 2.70991
390625 2.82862
390625 2.75068
390625 2.78451
390625 2.89856
390625 2.78468
89 35.2293
89 37.4718
89 39.8082
89 33.7273
89 35.6189
89 33.8627
89 39.4293
89 31.8026
89 39.477
89 33.1925
233 26.9173
233 26.1178
233 25.3151
233 31.1712
233 26.6324
233 27.3882
233 27.3263
233 26.2727
233 27.8155
233 26.0109
1597 14.6584
1597 15.3323
1597 15.0458
1597 15.1679
1597 16.1017
1597 14.25
1597 15.0762
1597 14.4796
1597 14.9503
1597 15.1692
28657 6.29535
28657 6.2479
28657 6.34837
28657 6.17083
28657 6.3461
28657 6.13811
28657 6.33251
28657 6.31362
28657 6.52959
28657 6.62277
514229 2.53337
514229 2.5931
514229 2.5561
514229 2.6593
514229 2.50227
514229 2.49239
514229 2.47677
514229 2.51402
514229 2.53111
514229 2.52621
60 41.4981
60 42.1365
60 44.8773
60 39.5463
60 41.5074
60 38.8119
60 42.9425
60 39.86
60 40.343
60 38.0897
120 32.7967
120 35.1908
120 32.1705
120 33.7273
120 33.0903
120 33.8627
120 32.7786
120 30.3554
120 32.3556
120 31.427
360 22.1466
360 23.162
360 22.9126
360 22.8685
360 25.1426
360 23.7719
360 23.6025
360 24.8474
360 23.1059
360 24.3562
2520 13.1803
2520 13.0142
2520 12.9171
2520 13.4629
2520 12.8108
2520 13.1928
2520 12.3742
2520 13.1654
2520 12.8317
2520 13.0067
5040 11.166
5040 10.4315
5040 10.6549
5040 10.3989
5040 10.5272
5040 10.948
5040 10.7263
5040 10.447
5040 10.4739
5040 10.2225
55440 4.9494
55440 5.16133
55440 5.26678
55440 4.88975
55440 5.33517
55440 5.13756
55440 5.24112
55440 5.20593
55440 5.25357
55440 5.08609
720720 2.25406
720720 2.26943
720720 2.42963
720720 2.32014
720720 2.26772
720720 2.23891
720720 2.26144
720720 2.24497
720720 2.33247
720720 2.31572
