0.01 0
0.03 0
0.05 0
0.07 0
0.09 0
0.11 0
0.13 0
0.15 0
0.17 0
0.19 0
0.21 0
0.23 0
0.25 0
0.27 0
0.29 0
0.31 0
0.33 0
0.35 0
0.37 0
0.39 0
0.41 0
0.43 0
0.45 0
0.47 0
0.49 0
0.51 0
0.53 0
0.55 0
0.57 0
0.59 0
0.61 0
0.63 0
0.65 24
0.67 48
0.69 36
0.71 24
0.73 170
0.75 356
0.77 388
0.79 250
0.81 729
0.83 318
0.85 728
0.87 1605
0.89 1481
0.91 1086
0.93 1290
0.95 936
0.97 1245
0.99 1287
1.01 1170
1.03 933
1.05 615
1.07 748
1.09 349
1.11 183
1.13 93
1.15 120
1.17 87
1.19 120
1.21 60
1.23 66
1.25 192
1.27 507
1.29 894
1.31 372
1.33 360
1.35 137
1.37 96
1.39 180
1.41 84
1.43 96
1.45 120
1.47 96
1.49 0
1.51 0
1.53 0
1.55 0
1.57 0
1.59 0
1.61 0
1.63 0
1.65 0
1.67 0
1.69 0
1.71 0
1.73 0
1.75 0
1.77 0
1.79 0
1.81 0
1.83 0
1.85 0
1.87 0
1.89 0
1.91 0
1.93 0
1.95 0
1.97 0
1.99 0
