0.01 0
0.03 0
0.05 0
0.07 0
0.09 0
0.11 0
0.13 0
0.15 0
0.17 0
0.19 0
0.21 0
0.23 0
0.25 0
0.27 0
0.29 0
0.31 576
0.33 0
0.35 0
0.37 0
0.39 0
0.41 576
0.43 0
0.45 0
0.47 0
0.49 0
0.51 0
0.53 0
0.55 576
0.57 0
0.59 0
0.61 0
0.63 0
0.65 0
0.67 1152
0.69 0
0.71 1152
0.73 1152
0.75 576
0.77 576
0.79 0
0.81 0
0.83 576
0.85 0
0.87 576
0.89 0
0.91 0
0.93 0
0.95 0
0.97 0
0.99 288
1.01 576
1.03 576
1.05 1152
1.07 576
1.09 192
1.11 1152
1.13 768
1.15 0
1.17 576
1.19 0
1.21 144
1.23 1728
1.25 288
1.27 0
1.29 768
1.31 576
1.33 0
1.35 1152
1.37 0
1.39 144
1.41 192
1.43 576
1.45 288
1.47 0
1.49 144
1.51 192
1.53 24
1.55 0
1.57 0
1.59 0
1.61 0
1.63 0
1.65 0
1.67 0
1.69 0
1.71 0
1.73 0
1.75 0
1.77 0
1.79 0
1.81 0
1.83 0
1.85 0
1.87 0
1.89 0
1.91 0
1.93 0
1.95 0
1.97 0
1.99 0
