0.01 1441
0.03 48
0.05 9
0.07 10
0.09 5
0.11 6
0.13 91
0.15 92
0.17 22
0.19 7
0.21 11
0.23 83
0.25 3
0.27 6
0.29 5
0.31 46
0.33 4
0.35 5
0.37 82
0.39 46
0.41 83
0.43 162
0.45 12
0.47 175
0.49 37
0.51 127
0.53 52
0.55 16
0.57 57
0.59 282
0.61 439
0.63 895
0.65 791
0.67 1181
0.69 1462
0.71 429
0.73 0
0.75 0
0.77 0
0.79 0
0.81 0
0.83 0
0.85 0
0.87 0
0.89 0
0.91 0
0.93 0
0.95 0
0.97 0
0.99 0
1.01 0
1.03 0
1.05 2
1.07 3
1.09 2
1.11 0
1.13 5
1.15 2
1.17 7
1.19 6
1.21 53
1.23 41
1.25 32
1.27 204
1.29 328
1.31 1313
1.33 588
1.35 1810
1.37 2012
1.39 1975
1.41 780
1.43 156
1.45 1638
1.47 0
1.49 0
1.51 0
1.53 0
1.55 0
1.57 0
1.59 0
1.61 0
1.63 0
1.65 0
1.67 0
1.69 0
1.71 0
1.73 0
1.75 0
1.77 0
1.79 0
1.81 0
1.83 0
1.85 0
1.87 0
1.89 0
1.91 0
1.93 0
1.95 0
1.97 0
1.99 0
