0.01 0
0.03 0
0.05 1
0.07 0
0.09 0
0.11 6
0.13 5
0.15 9
0.17 12
0.19 25
0.21 27
0.23 51
0.25 59
0.27 69
0.29 55
0.31 89
0.33 104
0.35 132
0.37 126
0.39 148
0.41 173
0.43 182
0.45 177
0.47 208
0.49 232
0.51 230
0.53 268
0.55 288
0.57 275
0.59 333
0.61 346
0.63 304
0.65 364
0.67 356
0.69 394
0.71 360
0.73 355
0.75 416
0.77 394
0.79 417
0.81 405
0.83 398
0.85 362
0.87 391
0.89 413
0.91 372
0.93 368
0.95 353
0.97 391
0.99 381
1.01 354
1.03 363
1.05 353
1.07 317
1.09 348
1.11 330
1.13 323
1.15 298
1.17 289
1.19 312
1.21 303
1.23 255
1.25 236
1.27 232
1.29 227
1.31 247
1.33 216
1.35 190
1.37 202
1.39 194
1.41 177
1.43 183
1.45 155
1.47 174
1.49 163
1.51 159
1.53 148
1.55 136
1.57 127
1.59 122
1.61 113
1.63 94
1.65 89
1.67 95
1.69 91
1.71 67
1.73 89
1.75 69
1.77 78
1.79 63
1.81 62
1.83 52
1.85 51
1.87 49
1.89 52
1.91 54
1.93 39
1.95 39
1.97 29
1.99 38
