0 0.0647872
0.0015708 0.0840345
0.00314159 0.108026
0.00471239 0.137633
0.00628319 0.1738
0.00785398 0.217538
0.00942478 0.269898
0.0109956 0.331892
0.0125664 0.404729
0.0141372 0.489238
0.015708 0.586362
0.0172788 0.696846
0.0188496 0.821242
0.0204204 0.959866
0.0219911 1.11276
0.0235619 1.27964
0.0251327 1.45975
0.0267035 1.65275
0.0282743 1.85674
0.0298451 2.07035
0.0314159 2.29168
0.0329867 2.51844
0.0345575 2.74886
0.0361283 2.98028
0.0376991 3.21029
0.0392699 3.43666
0.0408407 3.65719
0.0424115 3.86971
0.0439823 4.07296
0.0455531 4.26436
0.0471239 4.44431
0.0486947 4.61044
0.0502655 4.76401
0.0518363 4.90433
0.0534071 5.03249
0.0549779 5.14873
0.0565487 5.25378
0.0581195 5.35109
0.0596903 5.44024
0.0612611 5.52341
0.0628319 5.60208
0.0644026 5.67987
0.0659734 5.75825
0.0675442 5.83753
0.069115 5.92025
0.0706858 6.00772
0.0722566 6.10169
0.0738274 6.20195
0.0753982 6.30993
0.076969 6.42478
0.0785398 6.54685
0.0801106 6.67495
0.0816814 6.80866
0.0832522 6.94592
0.084823 7.08596
0.0863938 7.22643
0.0879646 7.36531
0.0895354 7.50139
0.0911062 7.63299
0.092677 7.75792
0.0942478 7.87459
0.0958186 7.98292
0.0973894 8.08156
0.0989602 8.1697
0.100531 8.24702
0.102102 8.31481
0.103673 8.37296
0.105243 8.42202
0.106814 8.46308
0.108385 8.49726
0.109956 8.52514
0.111527 8.54761
0.113097 8.56584
0.114668 8.58076
0.116239 8.59232
0.11781 8.6005
0.119381 8.60512
0.120951 8.60686
0.122522 8.60414
0.124093 8.59748
0.125664 8.58568
0.127235 8.5691
0.128805 8.54711
0.130376 8.51898
0.131947 8.48541
0.133518 8.4476
0.135088 8.40511
0.136659 8.35869
0.13823 8.3096
0.139801 8.25961
0.141372 8.21038
0.142942 8.16214
0.144513 8.1158
0.146084 8.07418
0.147655 8.03744
0.149226 8.00572
0.150796 7.97899
0.152367 7.95956
0.153938 7.94531
0.155509 7.93592
0.15708 7.9306
0.15865 7.92962
0.160221 7.93071
0.161792 7.93267
0.163363 7.93455
0.164934 7.93664
0.166504 7.93799
0.168075 7.93627
0.169646 7.93201
0.171217 7.92553
0.172788 7.91658
0.174358 7.90587
0.175929 7.89175
0.1775 7.87786
0.179071 7.86351
0.180642 7.84921
0.182212 7.83597
0.183783 7.8252
0.185354 7.81742
0.186925 7.81264
0.188496 7.81121
0.190066 7.8155
0.191637 7.82498
0.193208 7.8387
0.194779 7.85649
0.19635 7.87882
0.19792 7.90575
0.199491 7.93568
0.201062 7.96711
0.202633 8.0015
0.204204 8.0374
0.205774 8.07306
0.207345 8.10738
0.208916 8.14071
0.210487 8.17109
0.212058 8.19857
0.213628 8.22022
0.215199 8.23959
0.21677 8.25481
0.218341 8.26369
0.219911 8.26651
0.221482 8.26488
0.223053 8.25907
0.224624 8.24763
0.226195 8.22974
0.227765 8.20957
0.229336 8.18632
0.230907 8.15972
0.232478 8.12999
0.234049 8.09991
0.235619 8.06881
0.23719 8.03721
0.238761 8.00473
0.240332 7.97585
0.241903 7.94982
0.243473 7.9245
0.245044 7.90164
0.246615 7.88382
0.248186 7.86978
0.249757 7.85799
0.251327 7.84861
0.252898 7.84486
0.254469 7.84527
0.25604 7.84786
0.257611 7.85274
0.259181 7.86045
0.260752 7.87056
0.262323 7.88127
0.263894 7.89125
0.265465 7.90446
0.267035 7.91919
0.268606 7.9332
0.270177 7.94609
0.271748 7.96003
0.273319 7.97443
0.274889 7.98778
0.27646 7.99931
0.278031 8.01309
0.279602 8.02774
0.281173 8.04148
0.282743 8.05519
0.284314 8.06948
0.285885 8.08358
0.287456 8.09717
0.289027 8.10911
0.290597 8.12376
0.292168 8.13896
0.293739 8.15202
0.29531 8.16458
0.296881 8.17739
0.298451 8.18939
0.300022 8.19887
0.301593 8.20596
0.303164 8.21344
0.304734 8.22034
0.306305 8.22416
0.307876 8.22553
0.309447 8.22602
0.311018 8.22363
0.312588 8.21816
0.314159 8.20835
0.31573 8.19968
0.317301 8.19127
0.318872 8.17865
0.320442 8.16292
0.322013 8.1481
0.323584 8.13221
0.325155 8.11374
0.326726 8.09329
0.328296 8.07505
0.329867 8.05833
0.331438 8.04033
0.333009 8.02181
0.33458 8.0054
0.33615 7.98933
0.337721 7.97366
0.339292 7.95621
0.340863 7.94417
0.342434 7.93487
0.344004 7.92407
0.345575 7.91265
0.347146 7.90526
0.348717 7.89917
0.350288 7.89295
0.351858 7.88452
0.353429 7.88
0.355 7.87822
0.356571 7.87492
0.358142 7.87178
0.359712 7.87091
0.361283 7.87011
0.362854 7.86935
0.364425 7.86612
0.365996 7.86925
0.367566 7.87525
0.369137 7.88015
0.370708 7.88565
0.372279 7.89519
0.37385 7.90741
0.37542 7.92047
0.376991 7.93121
0.378562 7.94845
0.380133 7.96899
0.381704 7.98827
0.383274 8.00705
0.384845 8.02826
0.386416 8.04879
0.387987 8.06706
0.389557 8.08061
0.391128 8.09833
0.392699 8.11677
0.39427 8.12992
0.395841 8.13854
0.397411 8.14712
0.398982 8.15434
0.400553 8.15801
0.402124 8.1538
0.403695 8.15437
0.405265 8.15603
0.406836 8.15265
0.408407 8.14667
0.409978 8.14256
0.411549 8.13893
0.413119 8.13229
0.41469 8.12024
0.416261 8.11604
0.417832 8.11554
0.419403 8.11078
0.420973 8.10317
0.422544 8.0997
0.424115 8.09842
0.425686 8.09507
0.427257 8.08495
0.428827 8.08257
0.430398 8.08153
0.431969 8.07676
0.43354 8.0689
0.435111 8.06342
0.436681 8.05674
0.438252 8.04655
0.439823 8.02935
0.441394 8.01985
0.442965 8.01175
0.444535 7.99974
0.446106 7.98355
0.447677 7.97102
0.449248 7.96093
0.450819 7.94921
0.452389 7.9298
0.45396 7.92186
0.455531 7.91821
0.457102 7.91146
0.458673 7.90367
0.460243 7.90109
0.461814 7.90136
0.463385 7.90061
0.464956 7.89506
0.466527 7.89962
0.468097 7.90934
0.469668 7.91633
0.471239 7.91995
0.47281 7.92781
0.47438 7.93965
0.475951 7.94958
0.477522 7.95021
0.479093 7.96203
0.480664 7.97677
0.482234 7.987
0.483805 7.99427
0.485376 8.00436
0.486947 8.01419
0.488518 8.02024
0.490088 8.01841
0.491659 8.02655
0.49323 8.03798
0.494801 8.04334
0.496372 8.0447
0.497942 8.04996
0.499513 8.0578
0.501084 8.06399
0.502655 8.05785
0.504226 8.06589
0.505796 8.07656
0.507367 8.08106
0.508938 8.0811
0.510509 8.08636
0.51208 8.09169
0.51365 8.09162
0.515221 8.08106
0.516792 8.08385
0.518363 8.09008
0.519934 8.08772
0.521504 8.07916
0.523075 8.07584
0.524646 8.07402
0.526217 8.0672
0.527788 8.0474
0.529358 8.04318
0.530929 8.04354
0.5325 8.03703
0.534071 8.0264
0.535642 8.0211
0.537212 8.01816
0.538783 8.01087
0.540354 7.99232
0.541925 7.9905
0.543496 7.99493
0.545066 7.99088
0.546637 7.98218
0.548208 7.98041
0.549779 7.98405
0.55135 7.98333
0.55292 7.96603
0.554491 7.97016
0.556062 7.9815
0.557633 7.98312
0.559203 7.97872
0.560774 7.98188
0.562345 7.98903
0.563916 7.98902
0.565487 7.97543
0.567057 7.98196
0.568628 7.996
0.570199 7.9988
0.57177 7.99361
0.573341 7.99731
0.574911 8.00907
0.576482 8.01296
0.578053 7.99679
0.579624 8.0063
0.581195 8.02215
0.582765 8.0275
0.584336 8.024
0.585907 8.02973
0.587478 8.03882
0.589049 8.03916
0.590619 8.02197
0.59219 8.0283
0.593761 8.04109
0.595332 8.04111
0.596903 8.03252
0.598473 8.03161
0.600044 8.03741
0.601615 8.03724
0.603186 8.00968
0.604757 8.01438
0.606327 8.02795
0.607898 8.02694
0.609469 8.01438
0.61104 8.01587
0.612611 8.02225
0.614181 8.0156
0.615752 7.98507
0.617323 7.98877
0.618894 8.00386
0.620465 8.00264
0.622035 7.98846
0.623606 7.98988
0.625177 7.99743
0.626748 7.99483
0.628319 7.95811
0.629889 7.96559
0.63146 7.98911
0.633031 7.99126
0.634602 7.97739
0.636173 7.98174
0.637743 7.99403
0.639314 7.98859
0.640885 7.95478
0.642456 7.96278
0.644026 7.98243
0.645597 7.98181
0.647168 7.96302
0.648739 7.96506
0.65031 7.97605
0.65188 7.97284
0.653451 7.91856
0.655022 7.929
0.656593 7.95947
0.658164 7.96086
0.659734 7.93813
0.661305 7.94604
0.662876 7.96398
0.664447 7.95625
0.666018 7.91427
0.667588 7.92852
0.669159 7.95951
0.67073 7.96504
0.672301 7.95181
0.673872 7.95945
0.675442 7.98064
0.677013 7.98678
0.678584 7.92697
0.680155 7.94791
0.681726 7.9903
0.683296 7.99927
0.684867 7.97696
0.686438 7.99148
0.688009 8.01775
0.68958 8.00984
0.69115 7.94164
0.692721 7.96177
0.694292 8.00456
0.695863 8.01259
0.697434 7.98918
0.699004 7.99405
0.700575 8.01485
0.702146 8.01464
0.703717 7.79275
0.705288 7.80844
0.706858 7.96555
0.708429 7.97098
0.71 7.84189
0.711571 7.83973
0.713142 7.93922
0.714712 7.93553
0.716283 7.81165
0.717854 7.82676
0.719425 7.90695
0.720996 7.91757
0.722566 7.8688
0.724137 7.88047
0.725708 7.92242
0.727279 7.92519
0.728849 7.84957
0.73042 7.86282
0.731991 7.90978
0.733562 7.91844
0.735133 7.89163
0.736703 7.90038
0.738274 7.92582
0.739845 7.92194
0.741416 7.85468
0.742987 7.86058
0.744557 7.89579
0.746128 7.89355
0.747699 7.86485
0.74927 7.86837
0.750841 7.88677
0.752411 7.88548
0.753982 7.81444
0.755553 7.8333
0.757124 7.87812
0.758695 7.88757
0.760265 7.86788
0.761836 7.88244
0.763407 7.91208
0.764978 7.91469
0.766549 7.86823
0.768119 7.89141
0.76969 7.93609
0.771261 7.9508
0.772832 7.93806
0.774403 7.95489
0.775973 7.9866
0.777544 7.99927
0.779115 7.93205
0.780686 7.95823
0.782257 8.0183
0.783827 8.03256
0.785398 8.00806
0.786969 8.02477
0.78854 8.05723
0.790111 8.05356
0.791681 7.99373
0.793252 8.00982
0.794823 8.05213
0.796394 8.05751
0.797965 8.03229
0.799535 8.033
0.801106 8.0512
0.802677 8.04979
0.804248 7.9609
0.805819 7.97304
0.807389 8.02013
0.80896 8.01943
0.810531 7.98028
0.812102 7.9842
0.813672 8.00373
0.815243 7.98636
0.816814 7.91488
0.818385 7.92408
0.819956 7.95969
0.821526 7.95543
0.823097 7.92269
0.824668 7.92543
0.826239 7.9448
0.82781 7.94118
0.82938 7.85605
0.830951 7.87263
0.832522 7.92215
0.834093 7.92769
0.835664 7.89678
0.837234 7.90777
0.838805 7.93516
0.840376 7.92569
0.841947 7.8537
0.843518 7.86981
0.845088 7.91473
0.846659 7.92016
0.84823 7.89336
0.849801 7.90261
0.851372 7.92607
0.852942 7.92443
0.854513 7.84855
0.856084 7.86859
0.857655 7.91955
0.859226 7.92981
0.860796 7.90154
0.862367 7.91638
0.863938 7.94653
0.865509 7.94083
0.86708 7.87264
0.86865 7.88959
0.870221 7.93487
0.871792 7.94194
0.873363 7.9193
0.874934 7.92888
0.876504 7.95359
0.878075 7.95944
0.879646 7.86789
0.881217 7.89076
0.882788 7.95776
0.884358 7.97027
0.885929 7.93826
0.8875 7.95381
0.889071 7.99304
0.890642 7.98252
0.892212 7.91309
0.893783 7.93416
0.895354 7.9828
0.896925 7.98916
0.898495 7.95904
0.900066 7.96823
0.901637 7.99321
0.903208 7.99386
0.904779 7.89385
0.906349 7.91217
0.90792 7.97405
0.909491 7.97848
0.911062 7.93875
0.912633 7.94636
0.914203 7.97657
0.915774 7.96127
0.917345 7.88392
0.918916 7.89914
0.920487 7.9443
0.922057 7.94119
0.923628 7.90817
0.925199 7.9144
0.92677 7.93867
0.928341 7.93523
0.929911 7.83463
0.931482 7.8529
0.933053 7.91343
0.934624 7.91894
0.936195 7.88104
0.937765 7.89157
0.939336 7.92649
0.940907 7.91439
0.942478 7.82868
0.944049 7.84636
0.945619 7.8999
0.94719 7.90587
0.948761 7.87525
0.950332 7.88894
0.951903 7.91726
0.953473 7.91638
0.955044 7.827
0.956615 7.85321
0.958186 7.91821
0.959757 7.93389
0.961327 7.90258
0.962898 7.92438
0.964469 7.9645
0.96604 7.95953
0.967611 7.87912
0.969181 7.8978
0.970752 7.94885
0.972323 7.95658
0.973894 7.92934
0.975465 7.93759
0.977035 7.9626
0.978606 7.9635
0.980177 7.85095
0.981748 7.87301
0.983319 7.94874
0.984889 7.95719
0.98646 7.9137
0.988031 7.93019
0.989602 7.97092
0.991172 7.95498
0.992743 7.87052
0.994314 7.88929
0.995885 7.94356
0.997456 7.94849
0.999026 7.91518
1.0006 7.92399
1.00217 7.9528
1.00374 7.95386
1.00531 7.84769
1.00688 7.86995
1.00845 7.93756
1.01002 7.94624
1.01159 7.90447
1.01316 7.91477
1.01473 7.95021
1.01631 7.93902
1.01788 7.85056
1.01945 7.86304
1.02102 7.91193
1.02259 7.90979
1.02416 7.87111
1.02573 7.87791
1.0273 7.90311
1.02887 7.89859
1.03044 7.78559
1.03201 7.80723
1.03358 7.87804
1.03515 7.89015
1.03673 7.85048
1.0383 7.86663
1.03987 7.911
1.04144 7.90272
1.04301 7.81402
1.04458 7.83853
1.04615 7.90072
1.04772 7.90905
1.04929 7.87961
1.05086 7.89708
1.05243 7.93126
1.054 7.9335
1.05558 7.82362
1.05715 7.85282
1.05872 7.92878
1.06029 7.94559
1.06186 7.90804
1.06343 7.92501
1.065 7.96958
1.06657 7.95986
1.06814 7.87332
1.06971 7.89403
1.07128 7.94715
1.07285 7.95256
1.07442 7.92111
1.076 7.9297
1.07757 7.9582
1.07914 7.9622
1.08071 7.84469
1.08228 7.86918
1.08385 7.94987
1.08542 7.96378
1.08699 7.91794
1.08856 7.93235
1.09013 7.97617
1.0917 7.96683
1.09327 7.87411
1.09485 7.89316
1.09642 7.95127
1.09799 7.95257
1.09956 7.91387
1.10113 7.9247
1.1027 7.95399
1.10427 7.94767
1.10584 7.84318
1.10741 7.86393
1.10898 7.92802
1.11055 7.93976
1.11212 7.90138
1.11369 7.91331
1.11527 7.94912
1.11684 7.94066
1.11841 7.85397
1.11998 7.86936
1.12155 7.91636
1.12312 7.9155
1.12469 7.88003
1.12626 7.8878
1.12783 7.91126
1.1294 7.90624
1.13097 7.79403
1.13254 7.81304
1.13411 7.88229
1.13569 7.89245
1.13726 7.84916
1.13883 7.8608
1.1404 7.89927
1.14197 7.88541
1.14354 7.79503
1.14511 7.81333
1.14668 7.86605
1.14825 7.86998
1.14982 7.83549
1.15139 7.84744
1.15296 7.87719
1.15454 7.87655
1.15611 7.77101
1.15768 7.79855
1.15925 7.87503
1.16082 7.89416
1.16239 7.86041
1.16396 7.88108
1.16553 7.93036
1.1671 7.92958
1.16867 7.85223
1.17024 7.87841
1.17181 7.93848
1.17338 7.95059
1.17496 7.92502
1.17653 7.93817
1.1781 7.97291
1.17967 7.98235
1.18124 7.85698
1.18281 7.8862
1.18438 7.97607
1.18595 7.99283
1.18752 7.94145
1.18909 7.95759
1.19066 8.00608
1.19223 7.99324
1.19381 7.89229
1.19538 7.90909
1.19695 7.96602
1.19852 7.97006
1.20009 7.92754
1.20166 7.93019
1.20323 7.95736
1.2048 7.95614
1.20637 7.81056
1.20794 7.83294
1.20951 7.9184
1.21108 7.92839
1.21265 7.87005
1.21423 7.8804
1.2158 7.92558
1.21737 7.90901
1.21894 7.79805
1.22051 7.8157
1.22208 7.87505
1.22365 7.87398
1.22522 7.82938
1.22679 7.83885
1.22836 7.86855
1.22993 7.86373
1.2315 7.7163
1.23308 7.74242
1.23465 7.83214
1.23622 7.8445
1.23779 7.78864
1.23936 7.8036
1.24093 7.85655
1.2425 7.85064
1.24407 7.7379
1.24564 7.76277
1.24721 7.83358
1.24878 7.84292
1.25035 7.80614
1.25192 7.82097
1.2535 7.86074
1.25507 7.86796
1.25664 7.728
1.25821 7.76262
1.25978 7.86115
1.26135 7.88114
1.26292 7.82931
1.26449 7.85535
1.26606 7.91783
1.26763 7.90833
1.2692 7.78463
1.27077 7.8086
1.27235 7.88358
1.27392 7.89102
1.27549 7.85139
1.27706 7.866
1.27863 7.90177
1.2802 7.90149
1.28177 7.71176
1.28334 7.74429
1.28491 7.86975
1.28648 7.88827
1.28805 7.81543
1.28962 7.84118
1.29119 7.91286
1.29277 7.89349
1.29434 7.7562
1.29591 7.78673
1.29748 7.87414
1.29905 7.88577
1.30062 7.84129
1.30219 7.86469
1.30376 7.9126
1.30533 7.91272
1.3069 7.70475
1.30847 7.74435
1.31004 7.87019
1.31161 7.88903
1.31319 7.81992
1.31476 7.84964
1.31633 7.90494
1.3179 7.88071
1.31947 7.72923
1.32104 7.75494
1.32261 7.8392
1.32418 7.84503
1.32575 7.79575
1.32732 7.8152
1.32889 7.84939
1.33046 7.84163
1.33204 7.61622
1.33361 7.64882
1.33518 7.77688
1.33675 7.79317
1.33832 7.70434
1.33989 7.72612
1.34146 7.80152
1.34303 7.78725
1.3446 7.61794
1.34617 7.64817
1.34774 7.74569
1.34931 7.76173
1.35088 7.71096
1.35246 7.73617
1.35403 7.79111
1.3556 7.79986
1.35717 7.57989
1.35874 7.62609
1.36031 7.77284
1.36188 7.8015
1.36345 7.72142
1.36502 7.76037
1.36659 7.85192
1.36816 7.83918
1.36973 7.64722
1.37131 7.68308
1.37288 7.78935
1.37445 7.80956
1.37602 7.76111
1.37759 7.79235
1.37916 7.84293
1.38073 7.84364
1.3823 7.54457
1.38387 7.59286
1.38544 7.77899
1.38701 7.80675
1.38858 7.69659
1.39015 7.74108
1.39173 7.83969
1.3933 7.80823
1.39487 7.58929
1.39644 7.62538
1.39801 7.74481
1.39958 7.76397
1.40115 7.70034
1.40272 7.73323
1.40429 7.78929
1.40586 7.78439
1.40743 7.4618
1.409 7.50949
1.41058 7.6846
1.41215 7.70903
1.41372 7.59282
1.41529 7.63362
1.41686 7.73301
1.41843 7.70283
1.42 7.45091
1.42157 7.48857
1.42314 7.61816
1.42471 7.64141
1.42628 7.58405
1.42785 7.62658
1.42942 7.68367
1.431 7.68477
1.43257 7.30645
1.43414 7.36498
1.43571 7.57272
1.43728 7.6112
1.43885 7.50786
1.44042 7.56535
1.44199 7.67173
1.44356 7.64853
1.44513 7.35408
1.4467 7.40559
1.44827 7.56433
1.44985 7.60544
1.45142 7.55686
1.45299 7.61868
1.45456 7.68495
1.45613 7.68998
1.4577 7.27891
1.45927 7.3439
1.46084 7.56975
1.46241 7.62045
1.46398 7.52025
1.46555 7.58891
1.46712 7.69926
1.46869 7.68036
1.47027 7.35727
1.47184 7.41656
1.47341 7.58693
1.47498 7.63555
1.47655 7.59045
1.47812 7.65723
1.47969 7.72396
1.48126 7.73099
1.48283 7.25428
1.4844 7.31583
1.48597 7.52953
1.48754 7.57681
1.48911 7.48675
1.49069 7.55055
1.49226 7.62802
1.49383 7.60314
1.4954 7.25142
1.49697 7.29957
1.49854 7.46655
1.50011 7.50521
1.50168 7.47619
1.50325 7.54029
1.50482 7.58253
1.50639 7.58623
1.50796 7.47338
1.50954 7.50853
1.51111 7.60578
1.51268 7.66547
1.51425 7.66894
1.51582 7.71036
1.51739 7.77585
1.51896 7.80633
1.52053 7.72882
1.5221 7.75408
1.52367 7.80498
1.52524 7.79767
1.52681 7.75925
1.52838 7.77967
1.52996 7.80208
1.53153 7.77471
1.5331 7.69227
1.53467 7.67892
1.53624 7.684
1.53781 7.6458
1.53938 7.58547
1.54095 7.53967
1.54252 7.48602
1.54409 7.3988
1.54566 7.27352
1.54723 7.18181
1.54881 7.08743
1.55038 6.95459
1.55195 6.79273
1.55352 6.63519
1.55509 6.46872
1.55666 6.27123
1.55823 6.04734
1.5598 5.82526
1.56137 5.59478
1.56294 5.34189
1.56451 5.07627
1.56608 4.80352
1.56765 4.52076
1.56923 4.2279
