0 4.11277
0.0015708 4.43784
0.00314159 4.74731
0.00471239 5.03493
0.00628319 5.29462
0.00785398 5.52095
0.00942478 5.70919
0.0109956 5.85553
0.0125664 5.95401
0.0141372 6.01287
0.015708 6.02241
0.0172788 5.98658
0.0188496 5.90778
0.0204204 5.78938
0.0219911 5.63273
0.0235619 5.44736
0.0251327 5.24362
0.0267035 5.01686
0.0282743 4.77781
0.0298451 4.53253
0.0314159 4.28686
0.0329867 4.0444
0.0345575 3.81393
0.0361283 3.59915
0.0376991 3.4008
0.0392699 3.22368
0.0408407 3.07009
0.0424115 2.94212
0.0439823 2.84055
0.0455531 2.76807
0.0471239 2.72521
0.0486947 2.71151
0.0502655 2.72819
0.0518363 2.775
0.0534071 2.85351
0.0549779 2.96447
0.0565487 3.10694
0.0581195 3.28194
0.0596903 3.48995
0.0612611 3.73089
0.0628319 4.0042
0.0644026 4.31094
0.0659734 4.64949
0.0675442 5.01849
0.069115 5.41605
0.0706858 5.83971
0.0722566 6.28584
0.0738274 6.75062
0.0753982 7.22893
0.076969 7.7153
0.0785398 8.20364
0.0801106 8.68617
0.0816814 9.15604
0.0832522 9.60642
0.084823 10.0287
0.0863938 10.4153
0.0879646 10.7599
0.0895354 11.0568
0.0911062 11.3007
0.092677 11.4865
0.0942478 11.6114
0.0958186 11.6744
0.0973894 11.676
0.0989602 11.6159
0.100531 11.4968
0.102102 11.3239
0.103673 11.1019
0.105243 10.8371
0.106814 10.5358
0.108385 10.2068
0.109956 9.85709
0.111527 9.49543
0.113097 9.1294
0.114668 8.76741
0.116239 8.41693
0.11781 8.084
0.119381 7.77428
0.120951 7.49356
0.122522 7.24529
0.124093 7.032
0.125664 6.856
0.127235 6.71876
0.128805 6.61971
0.130376 6.558
0.131947 6.53266
0.133518 6.54124
0.135088 6.58102
0.136659 6.64906
0.13823 6.74174
0.139801 6.85672
0.141372 6.99068
0.142942 7.13956
0.144513 7.2997
0.146084 7.46969
0.147655 7.64615
0.149226 7.82676
0.150796 8.0085
0.152367 8.19059
0.153938 8.37103
0.155509 8.54749
0.15708 8.71782
0.15865 8.88109
0.160221 9.0351
0.161792 9.17767
0.163363 9.30689
0.164934 9.42191
0.166504 9.52109
0.168075 9.60012
0.169646 9.65743
0.171217 9.69321
0.172788 9.70604
0.174358 9.69351
0.175929 9.65393
0.1775 9.59061
0.179071 9.5027
0.180642 9.39044
0.182212 9.25661
0.183783 9.1036
0.185354 8.93367
0.186925 8.75063
0.188496 8.5581
0.190066 8.36199
0.191637 8.16622
0.193208 7.97406
0.194779 7.78969
0.19635 7.61889
0.19792 7.46486
0.199491 7.32995
0.201062 7.21673
0.202633 7.1293
0.204204 7.06817
0.205774 7.03316
0.207345 7.0246
0.208916 7.04293
0.210487 7.08619
0.212058 7.1518
0.213628 7.2371
0.215199 7.34175
0.21677 7.46117
0.218341 7.5914
0.219911 7.72866
0.221482 7.87056
0.223053 8.01341
0.224624 8.1532
0.226195 8.2857
0.227765 8.41085
0.229336 8.52599
0.230907 8.62687
0.232478 8.71309
0.234049 8.78467
0.235619 8.83919
0.23719 8.87688
0.238761 8.89742
0.240332 8.90532
0.241903 8.90024
0.243473 8.88123
0.245044 8.85065
0.246615 8.81152
0.248186 8.7651
0.249757 8.71316
0.251327 8.6557
0.252898 8.59759
0.254469 8.53875
0.25604 8.47916
0.257611 8.42006
0.259181 8.36278
0.260752 8.30656
0.262323 8.25317
0.263894 8.19857
0.265465 8.14946
0.267035 8.10235
0.268606 8.05554
0.270177 8.00848
0.271748 7.96376
0.273319 7.92055
0.274889 7.87719
0.27646 7.83392
0.278031 7.7938
0.279602 7.75666
0.281173 7.72141
0.282743 7.68856
0.284314 7.66076
0.285885 7.63808
0.287456 7.62019
0.289027 7.60837
0.290597 7.6061
0.292168 7.61239
0.293739 7.62554
0.29531 7.64704
0.296881 7.67791
0.298451 7.718
0.300022 7.76494
0.301593 7.81738
0.303164 7.8778
0.304734 7.94453
0.306305 8.01348
0.307876 8.0842
0.309447 8.15618
0.311018 8.22734
0.312588 8.29531
0.314159 8.35664
0.31573 8.4159
0.317301 8.46953
0.318872 8.51357
0.320442 8.54715
0.322013 8.57393
0.323584 8.59083
0.325155 8.59663
0.326726 8.59013
0.328296 8.57703
0.329867 8.55564
0.331438 8.52436
0.333009 8.48416
0.33458 8.43857
0.33615 8.38668
0.337721 8.32785
0.339292 8.26507
0.340863 8.20308
0.342434 8.14178
0.344004 8.07794
0.345575 8.01367
0.347146 7.95417
0.348717 7.89881
0.350288 7.84643
0.351858 7.79653
0.353429 7.75514
0.355 7.72163
0.356571 7.69253
0.358142 7.66947
0.359712 7.65343
0.361283 7.64581
0.362854 7.64329
0.364425 7.64429
0.365996 7.65522
0.367566 7.67302
0.369137 7.69386
0.370708 7.71777
0.372279 7.748
0.37385 7.78254
0.37542 7.81751
0.376991 7.85215
0.378562 7.89174
0.380133 7.93421
0.381704 7.97389
0.383274 8.0124
0.384845 8.05076
0.386416 8.08789
0.387987 8.1208
0.389557 8.14738
0.391128 8.17608
0.392699 8.20319
0.39427 8.22274
0.395841 8.23638
0.397411 8.24853
0.398982 8.25748
0.400553 8.26006
0.402124 8.25376
0.403695 8.24937
0.405265 8.24276
0.406836 8.22972
0.408407 8.21163
0.409978 8.19311
0.411549 8.17198
0.413119 8.14567
0.41469 8.11507
0.416261 8.08884
0.417832 8.06438
0.419403 8.03548
0.420973 8.00438
0.422544 7.97729
0.424115 7.95246
0.425686 7.9253
0.427257 7.89693
0.428827 7.87612
0.430398 7.85953
0.431969 7.84253
0.43354 7.82631
0.435111 7.8152
0.436681 7.80748
0.438252 7.8004
0.439823 7.7916
0.441394 7.7921
0.442965 7.79789
0.444535 7.80231
0.446106 7.80669
0.447677 7.81647
0.449248 7.8297
0.450819 7.8431
0.452389 7.85158
0.45396 7.86889
0.455531 7.89037
0.457102 7.90815
0.458673 7.92419
0.460243 7.9437
0.461814 7.96314
0.463385 7.97994
0.464956 7.99162
0.466527 8.00907
0.468097 8.02895
0.469668 8.04348
0.471239 8.05398
0.47281 8.06608
0.47438 8.07855
0.475951 8.08761
0.477522 8.08676
0.479093 8.09385
0.480664 8.10041
0.482234 8.10129
0.483805 8.09765
0.485376 8.09413
0.486947 8.08971
0.488518 8.08069
0.490088 8.06202
0.491659 8.05039
0.49323 8.04066
0.494801 8.02384
0.496372 8.00225
0.497942 7.98344
0.499513 7.96735
0.501084 7.94738
0.502655 7.91924
0.504226 7.90194
0.505796 7.88806
0.507367 7.87209
0.508938 7.85334
0.510509 7.84095
0.51208 7.83139
0.51365 7.81949
0.515221 7.80406
0.516792 7.80118
0.518363 7.80554
0.519934 7.80615
0.521504 7.80555
0.523075 7.81351
0.524646 7.82673
0.526217 7.83823
0.527788 7.84284
0.529358 7.86222
0.530929 7.88634
0.5325 7.90672
0.534071 7.92381
0.535642 7.94598
0.537212 7.96884
0.538783 7.98732
0.540354 7.99684
0.541925 8.01699
0.543496 8.03991
0.545066 8.05446
0.546637 8.06138
0.548208 8.07213
0.549779 8.08301
0.55135 8.0878
0.55292 8.07803
0.554491 8.08183
0.556062 8.08733
0.557633 8.08415
0.559203 8.0737
0.560774 8.06893
0.562345 8.06325
0.563916 8.04991
0.565487 8.02565
0.567057 8.01602
0.568628 8.01078
0.570199 7.99651
0.57177 7.97576
0.573341 7.96262
0.574911 7.95252
0.576482 7.93657
0.578053 7.90918
0.579624 7.89902
0.581195 7.89496
0.582765 7.8841
0.584336 7.86906
0.585907 7.86187
0.587478 7.85705
0.589049 7.84885
0.590619 7.82922
0.59219 7.82847
0.593761 7.83597
0.595332 7.83788
0.596903 7.83329
0.598473 7.83961
0.600044 7.85209
0.601615 7.86004
0.603186 7.8531
0.604757 7.86978
0.606327 7.89745
0.607898 7.91531
0.609469 7.92442
0.61104 7.94456
0.612611 7.96887
0.614181 7.98428
0.615752 7.98391
0.617323 8.00568
0.618894 8.03427
0.620465 8.04942
0.622035 8.05245
0.623606 8.06625
0.625177 8.08255
0.626748 8.08818
0.628319 8.06833
0.629889 8.07737
0.63146 8.09139
0.633031 8.09034
0.634602 8.07688
0.636173 8.07468
0.637743 8.07384
0.639314 8.06036
0.640885 8.02457
0.642456 8.01912
0.644026 8.02267
0.645597 8.01057
0.647168 7.98668
0.648739 7.97775
0.65031 7.97447
0.65188 7.96283
0.653451 7.9222
0.655022 7.92104
0.656593 7.93094
0.658164 7.92814
0.659734 7.90931
0.661305 7.90861
0.662876 7.91535
0.664447 7.90937
0.666018 7.87444
0.667588 7.88023
0.669159 7.90041
0.67073 7.90102
0.672301 7.88674
0.673872 7.89347
0.675442 7.90907
0.677013 7.91079
0.678584 7.87133
0.680155 7.88742
0.681726 7.92165
0.683296 7.93272
0.684867 7.92023
0.686438 7.93531
0.688009 7.96052
0.68958 7.96417
0.69115 7.92954
0.692721 7.95301
0.694292 7.99077
0.695863 8.00344
0.697434 7.99311
0.699004 8.00963
0.700575 8.03472
0.702146 8.04282
0.703717 7.87393
0.705288 7.89418
0.706858 8.01725
0.708429 8.02842
0.71 7.92162
0.711571 7.92618
0.713142 8.00844
0.714712 8.00556
0.716283 7.89086
0.717854 7.90435
0.719425 7.97917
0.720996 7.98572
0.722566 7.93672
0.724137 7.94893
0.725708 7.98201
0.727279 7.97859
0.728849 7.90817
0.73042 7.91887
0.731991 7.96
0.733562 7.96843
0.735133 7.94256
0.736703 7.95106
0.738274 7.97691
0.739845 7.97425
0.741416 7.92151
0.742987 7.93297
0.744557 7.96569
0.746128 7.96714
0.747699 7.94284
0.74927 7.95264
0.750841 7.97426
0.752411 7.97401
0.753982 7.91412
0.755553 7.93215
0.757124 7.9747
0.758695 7.98436
0.760265 7.96732
0.761836 7.98041
0.763407 8.01027
0.764978 8.01062
0.766549 7.96717
0.768119 7.99118
0.76969 8.03604
0.771261 8.05132
0.772832 8.0421
0.774403 8.05937
0.775973 8.08863
0.777544 8.10325
0.779115 8.04425
0.780686 8.06949
0.782257 8.12233
0.783827 8.13478
0.785398 8.11269
0.786969 8.1243
0.78854 8.14935
0.790111 8.13873
0.791681 8.07177
0.793252 8.08037
0.794823 8.1121
0.796394 8.10612
0.797965 8.07167
0.799535 8.06616
0.801106 8.07579
0.802677 8.06387
0.804248 7.97222
0.805819 7.97773
0.807389 8.01984
0.80896 8.01744
0.810531 7.98102
0.812102 7.98336
0.813672 8.00542
0.815243 7.9933
0.816814 7.92787
0.818385 7.94226
0.819956 7.98345
0.821526 7.99238
0.823097 7.97106
0.824668 7.98042
0.826239 8.00812
0.82781 8.01788
0.82938 7.94869
0.830951 7.97367
0.832522 8.02861
0.834093 8.04521
0.835664 8.02167
0.837234 8.0395
0.838805 8.07255
0.840376 8.07311
0.841947 8.01282
0.843518 8.03366
0.845088 8.07805
0.846659 8.08452
0.84823 8.05749
0.849801 8.06761
0.851372 8.08905
0.852942 8.09038
0.854513 8.00207
0.856084 8.02122
0.857655 8.07572
0.859226 8.08002
0.860796 8.04436
0.862367 8.05421
0.863938 8.08002
0.865509 8.06569
0.86708 7.98842
0.86865 8.00366
0.870221 8.04451
0.871792 8.04515
0.873363 8.01223
0.874934 8.01723
0.876504 8.03568
0.878075 8.02957
0.879646 7.93687
0.881217 7.95347
0.882788 8.00192
0.884358 8.00612
0.885929 7.96995
0.8875 7.9775
0.889071 8.00557
0.890642 7.99292
0.892212 7.92004
0.893783 7.93904
0.895354 7.98128
0.896925 7.98812
0.898495 7.96294
0.900066 7.97227
0.901637 8.00146
0.903208 8.00646
0.904779 7.91766
0.906349 7.94413
0.90792 8.01297
0.909491 8.02595
0.911062 7.99534
0.912633 8.0126
0.914203 8.05033
0.915774 8.04467
0.917345 7.97107
0.918916 7.98952
0.920487 8.03858
0.922057 8.04438
0.923628 8.01397
0.925199 8.01608
0.92677 8.03829
0.928341 8.03961
0.929911 7.94317
0.931482 7.96176
0.933053 8.01584
0.934624 8.0235
0.936195 7.98629
0.937765 7.99715
0.939336 8.02501
0.940907 8.01617
0.942478 7.93753
0.944049 7.95605
0.945619 8.00136
0.94719 8.00413
0.948761 7.97452
0.950332 7.98432
0.951903 8.00859
0.953473 8.00684
0.955044 7.90264
0.956615 7.9244
0.958186 7.98932
0.959757 7.99747
0.961327 7.95761
0.962898 7.96971
0.964469 8.00296
0.96604 7.9876
0.967611 7.90315
0.969181 7.91969
0.970752 7.969
0.972323 7.9685
0.973894 7.93465
0.975465 7.94593
0.977035 7.97153
0.978606 7.96597
0.980177 7.86495
0.981748 7.88622
0.983319 7.95171
0.984889 7.96347
0.98646 7.92839
0.988031 7.94294
0.989602 7.9801
0.991172 7.97161
0.992743 7.89333
0.994314 7.91404
0.995885 7.96444
0.997456 7.97084
0.999026 7.94148
1.0006 7.95092
1.00217 7.97659
1.00374 7.97904
1.00531 7.87256
1.00688 7.89633
1.00845 7.9632
1.01002 7.97355
1.01159 7.93184
1.01316 7.94527
1.01473 7.98342
1.01631 7.97566
1.01788 7.88072
1.01945 7.89832
1.02102 7.9562
1.02259 7.95763
1.02416 7.92334
1.02573 7.93635
1.0273 7.96462
1.02887 7.9612
1.03044 7.84842
1.03201 7.8741
1.03358 7.95116
1.03515 7.96647
1.03673 7.92674
1.0383 7.94232
1.03987 7.98459
1.04144 7.9776
1.04301 7.89414
1.04458 7.91568
1.04615 7.96631
1.04772 7.96947
1.04929 7.93084
1.05086 7.94066
1.05243 7.96789
1.054 7.9624
1.05558 7.85323
1.05715 7.87037
1.05872 7.93209
1.06029 7.93985
1.06186 7.89565
1.06343 7.90338
1.065 7.93383
1.06657 7.91963
1.06814 7.83506
1.06971 7.84774
1.07128 7.89144
1.07285 7.89408
1.07442 7.86209
1.076 7.86997
1.07757 7.89528
1.07914 7.89828
1.08071 7.79552
1.08228 7.82161
1.08385 7.8945
1.08542 7.91114
1.08699 7.87501
1.08856 7.89581
1.09013 7.93985
1.0917 7.93296
1.09327 7.85042
1.09485 7.87233
1.09642 7.92818
1.09799 7.93673
1.09956 7.90726
1.10113 7.91844
1.1027 7.9465
1.10427 7.94471
1.10584 7.84661
1.10741 7.87113
1.10898 7.93465
1.11055 7.95072
1.11212 7.91245
1.11369 7.9257
1.11527 7.96487
1.11684 7.95467
1.11841 7.87668
1.11998 7.89298
1.12155 7.93707
1.12312 7.93636
1.12469 7.90257
1.12626 7.90968
1.12783 7.9337
1.1294 7.92749
1.13097 7.81789
1.13254 7.83771
1.13411 7.9046
1.13569 7.912
1.13726 7.86674
1.13883 7.87407
1.1404 7.91004
1.14197 7.89757
1.14354 7.81126
1.14511 7.82814
1.14668 7.87742
1.14825 7.87804
1.14982 7.84249
1.15139 7.85312
1.15296 7.8821
1.15454 7.87753
1.15611 7.76002
1.15768 7.78802
1.15925 7.86831
1.16082 7.88613
1.16239 7.8427
1.16396 7.86387
1.16553 7.91439
1.1671 7.90523
1.16867 7.8202
1.17024 7.84719
1.17181 7.90843
1.17338 7.9168
1.17496 7.88434
1.17653 7.90018
1.1781 7.93403
1.17967 7.937
1.18124 7.82889
1.18281 7.85278
1.18438 7.92446
1.18595 7.93594
1.18752 7.89322
1.18909 7.90684
1.19066 7.94444
1.19223 7.93196
1.19381 7.83104
1.19538 7.84475
1.19695 7.89663
1.19852 7.89339
1.20009 7.85353
1.20166 7.86064
1.20323 7.8813
1.2048 7.87538
1.20637 7.74181
1.20794 7.76487
1.20951 7.84619
1.21108 7.8605
1.21265 7.80869
1.21423 7.82703
1.2158 7.87448
1.21737 7.86416
1.21894 7.76094
1.22051 7.78488
1.22208 7.84848
1.22365 7.86014
1.22522 7.82541
1.22679 7.83565
1.22836 7.87187
1.22993 7.87612
1.2315 7.75069
1.23308 7.78208
1.23465 7.86615
1.23622 7.88475
1.23779 7.83821
1.23936 7.85957
1.24093 7.90881
1.2425 7.9022
1.24407 7.79634
1.24564 7.81952
1.24721 7.88342
1.24878 7.88787
1.25035 7.84978
1.25192 7.86365
1.2535 7.89626
1.25507 7.89777
1.25664 7.74096
1.25821 7.77457
1.25978 7.87336
1.26135 7.89262
1.26292 7.82805
1.26449 7.84563
1.26606 7.90637
1.26763 7.89211
1.2692 7.76942
1.27077 7.7943
1.27235 7.86534
1.27392 7.87161
1.27549 7.82566
1.27706 7.83969
1.27863 7.8728
1.2802 7.87029
1.28177 7.70238
1.28334 7.73269
1.28491 7.83343
1.28648 7.84891
1.28805 7.78326
1.28962 7.80308
1.29119 7.85731
1.29277 7.8451
1.29434 7.71874
1.29591 7.74544
1.29748 7.81864
1.29905 7.82697
1.30062 7.78476
1.30219 7.80337
1.30376 7.8445
1.30533 7.84629
1.3069 7.65995
1.30847 7.69716
1.31004 7.81261
1.31161 7.83359
1.31319 7.77149
1.31476 7.80292
1.31633 7.86043
1.3179 7.84283
1.31947 7.69918
1.32104 7.73207
1.32261 7.8206
1.32418 7.83757
1.32575 7.79705
1.32732 7.82237
1.32889 7.86452
1.33046 7.86504
1.33204 7.67256
1.33361 7.71064
1.33518 7.83295
1.33675 7.85804
1.33832 7.78514
1.33989 7.81367
1.34146 7.88733
1.34303 7.87299
1.3446 7.70938
1.34617 7.73894
1.34774 7.82672
1.34931 7.83804
1.35088 7.78711
1.35246 7.80772
1.35403 7.84756
1.3556 7.84479
1.35717 7.6023
1.35874 7.64237
1.36031 7.7873
1.36188 7.81118
1.36345 7.71558
1.36502 7.74268
1.36659 7.82491
1.36816 7.79733
1.36973 7.61262
1.37131 7.64316
1.37288 7.74006
1.37445 7.75587
1.37602 7.7012
1.37759 7.73036
1.37916 7.7778
1.38073 7.77751
1.3823 7.51842
1.38387 7.56602
1.38544 7.724
1.38701 7.75807
1.38858 7.66205
1.39015 7.70778
1.39173 7.80162
1.3933 7.78845
1.39487 7.59426
1.39644 7.64271
1.39801 7.76143
1.39958 7.78829
1.40115 7.73755
1.40272 7.77581
1.40429 7.83684
1.40586 7.8423
1.40743 7.54064
1.409 7.59426
1.41058 7.76481
1.41215 7.79874
1.41372 7.68744
1.41529 7.72888
1.41686 7.8301
1.41843 7.80442
1.42 7.53971
1.42157 7.57604
1.42314 7.70557
1.42471 7.7327
1.42628 7.669
1.42785 7.70883
1.42942 7.76022
1.431 7.75554
1.43257 7.39704
1.43414 7.45447
1.43571 7.65035
1.43728 7.69104
1.43885 7.57768
1.44042 7.63156
1.44199 7.73735
1.44356 7.71012
1.44513 7.44406
1.4467 7.49261
1.44827 7.63228
1.44985 7.66642
1.45142 7.60497
1.45299 7.65445
1.45456 7.71579
1.45613 7.71914
1.4577 7.28846
1.45927 7.34624
1.46084 7.55623
1.46241 7.60304
1.46398 7.4863
1.46555 7.55093
1.46712 7.65342
1.46869 7.62911
1.47027 7.31604
1.47184 7.37853
1.47341 7.55757
1.47498 7.60341
1.47655 7.56203
1.47812 7.63575
1.47969 7.7107
1.48126 7.72661
1.48283 7.32092
1.4844 7.39406
1.48597 7.60198
1.48754 7.65399
1.48911 7.57454
1.49069 7.64763
1.49226 7.74161
1.49383 7.72931
1.4954 7.38507
1.49697 7.44309
1.49854 7.5966
1.50011 7.64718
1.50168 7.61865
1.50325 7.6863
1.50482 7.71837
1.50639 7.72345
1.50796 7.61172
1.50954 7.65462
1.51111 7.75198
1.51268 7.8122
1.51425 7.80919
1.51582 7.84835
1.51739 7.91752
1.51896 7.93604
1.52053 7.85698
1.5221 7.88142
1.52367 7.93363
1.52524 7.92856
1.52681 7.89089
1.52838 7.91354
1.52996 7.93759
1.53153 7.91416
1.5331 7.83696
1.53467 7.82817
1.53624 7.83876
1.53781 7.80824
1.53938 7.75404
1.54095 7.71238
1.54252 7.66348
1.54409 7.57819
1.54566 7.456
1.54723 7.36623
1.54881 7.27264
1.55038 7.13769
1.55195 6.97321
1.55352 6.81108
1.55509 6.639
1.55666 6.4346
1.55823 6.20142
1.5598 5.97038
1.56137 5.72949
1.56294 5.46587
1.56451 5.18863
1.56608 4.90427
1.56765 4.60931
1.56923 4.30542
