0 0.00076078
0.0015708 0.0011085
0.00314159 0.0016025
0.00471239 0.0022983
0.00628319 0.00326979
0.00785398 0.00461482
0.00942478 0.00646086
0.0109956 0.00897162
0.0125664 0.0123565
0.0141372 0.0168797
0.015708 0.0228697
0.0172788 0.0307308
0.0188496 0.0409551
0.0204204 0.054133
0.0219911 0.0709688
0.0235619 0.0922767
0.0251327 0.118949
0.0267035 0.152142
0.0282743 0.193075
0.0298451 0.24295
0.0314159 0.303226
0.0329867 0.375425
0.0345575 0.461081
0.0361283 0.561776
0.0376991 0.678993
0.0392699 0.814279
0.0408407 0.968992
0.0424115 1.14404
0.0439823 1.3405
0.0455531 1.5585
0.0471239 1.79875
0.0486947 2.06073
0.0502655 2.34335
0.0518363 2.64561
0.0534071 2.96558
0.0549779 3.30108
0.0565487 3.64933
0.0581195 4.00737
0.0596903 4.37149
0.0612611 4.73746
0.0628319 5.10234
0.0644026 5.46217
0.0659734 5.81307
0.0675442 6.15142
0.069115 6.4735
0.0706858 6.77661
0.0722566 7.05759
0.0738274 7.31601
0.0753982 7.54918
0.076969 7.75768
0.0785398 7.94041
0.0801106 8.09833
0.0816814 8.23135
0.0832522 8.34122
0.084823 8.42998
0.0863938 8.49928
0.0879646 8.55059
0.0895354 8.58698
0.0911062 8.61149
0.092677 8.62462
0.0942478 8.62879
0.0958186 8.62602
0.0973894 8.61787
0.0989602 8.60567
0.100531 8.59034
0.102102 8.57326
0.103673 8.55496
0.105243 8.53565
0.106814 8.51559
0.108385 8.49497
0.109956 8.4734
0.111527 8.45146
0.113097 8.42813
0.114668 8.40395
0.116239 8.3793
0.11781 8.35318
0.119381 8.3257
0.120951 8.29811
0.122522 8.27034
0.124093 8.24171
0.125664 8.2127
0.127235 8.18481
0.128805 8.15863
0.130376 8.13317
0.131947 8.10923
0.133518 8.08817
0.135088 8.06946
0.136659 8.05303
0.13823 8.0387
0.139801 8.02789
0.141372 8.01978
0.142942 8.01362
0.144513 8.00868
0.146084 8.00485
0.147655 8.00226
0.149226 7.99954
0.150796 7.9955
0.152367 7.99128
0.153938 7.98563
0.155509 7.9779
0.15708 7.96791
0.15865 7.9559
0.160221 7.94146
0.161792 7.92498
0.163363 7.90608
0.164934 7.88663
0.166504 7.86714
0.168075 7.84712
0.169646 7.827
0.171217 7.80882
0.172788 7.79291
0.174358 7.77925
0.175929 7.76835
0.1775 7.76175
0.179071 7.75915
0.180642 7.76044
0.182212 7.76525
0.183783 7.77467
0.185354 7.78748
0.186925 7.80356
0.188496 7.82111
0.190066 7.84248
0.191637 7.86598
0.193208 7.89036
0.194779 7.91464
0.19635 7.94011
0.19792 7.96589
0.199491 7.99079
0.201062 8.01433
0.202633 8.03802
0.204204 8.06121
0.205774 8.08333
0.207345 8.10435
0.208916 8.12539
0.210487 8.14568
0.212058 8.16548
0.213628 8.18348
0.215199 8.20322
0.21677 8.2238
0.218341 8.24316
0.219911 8.26159
0.221482 8.2799
0.223053 8.29745
0.224624 8.31291
0.226195 8.32514
0.227765 8.33655
0.229336 8.34561
0.230907 8.35022
0.232478 8.35047
0.234049 8.34666
0.235619 8.338
0.23719 8.32434
0.238761 8.30381
0.240332 8.28107
0.241903 8.25469
0.243473 8.22269
0.245044 8.18636
0.246615 8.14799
0.248186 8.10803
0.249757 8.06586
0.251327 8.02068
0.252898 7.97758
0.254469 7.93673
0.25604 7.89588
0.257611 7.85676
0.259181 7.82093
0.260752 7.78848
0.262323 7.75923
0.263894 7.73214
0.265465 7.7118
0.267035 7.69702
0.268606 7.68561
0.270177 7.67778
0.271748 7.67635
0.273319 7.67992
0.274889 7.68731
0.27646 7.69722
0.278031 7.71362
0.279602 7.73469
0.281173 7.75829
0.282743 7.78438
0.284314 7.81403
0.285885 7.84627
0.287456 7.87941
0.289027 7.91205
0.290597 7.94853
0.292168 7.98686
0.293739 8.02331
0.29531 8.05838
0.296881 8.09388
0.298451 8.12843
0.300022 8.15993
0.301593 8.18772
0.303164 8.21461
0.304734 8.24048
0.306305 8.26122
0.307876 8.27719
0.309447 8.2922
0.311018 8.30233
0.312588 8.30761
0.314159 8.30764
0.31573 8.30705
0.317301 8.30506
0.318872 8.29685
0.320442 8.28449
0.322013 8.27228
0.323584 8.25792
0.325155 8.2398
0.326726 8.21825
0.328296 8.19802
0.329867 8.1781
0.331438 8.15568
0.333009 8.13175
0.33458 8.10896
0.33615 8.08585
0.337721 8.06166
0.339292 8.03463
0.340863 8.01207
0.342434 7.99169
0.344004 7.9688
0.345575 7.9463
0.347146 7.92647
0.348717 7.90836
0.350288 7.89027
0.351858 7.87109
0.353429 7.85735
0.355 7.8465
0.356571 7.83627
0.358142 7.82731
0.359712 7.82244
0.361283 7.81977
0.362854 7.81863
0.364425 7.81635
0.365996 7.82118
0.367566 7.8312
0.369137 7.84028
0.370708 7.84962
0.372279 7.86366
0.37385 7.88021
0.37542 7.89642
0.376991 7.91041
0.378562 7.93018
0.380133 7.95239
0.381704 7.97239
0.383274 7.99125
0.384845 8.01171
0.386416 8.03195
0.387987 8.04957
0.389557 8.06232
0.391128 8.08057
0.392699 8.09944
0.39427 8.11406
0.395841 8.12498
0.397411 8.13794
0.398982 8.1517
0.400553 8.16175
0.402124 8.16557
0.403695 8.17518
0.405265 8.18538
0.406836 8.19074
0.408407 8.19345
0.409978 8.19673
0.411549 8.1982
0.413119 8.19569
0.41469 8.18664
0.416261 8.18207
0.417832 8.17767
0.419403 8.16702
0.420973 8.15161
0.422544 8.13748
0.424115 8.12305
0.425686 8.10416
0.427257 8.07791
0.428827 8.05857
0.430398 8.04052
0.431969 8.01876
0.43354 7.99512
0.435111 7.97478
0.436681 7.95585
0.438252 7.93591
0.439823 7.91266
0.441394 7.89937
0.442965 7.8916
0.444535 7.88194
0.446106 7.87224
0.447677 7.86908
0.449248 7.87158
0.450819 7.87471
0.452389 7.87301
0.45396 7.88367
0.455531 7.89927
0.457102 7.91261
0.458673 7.92549
0.460243 7.94305
0.461814 7.96202
0.463385 7.97799
0.464956 7.98774
0.466527 8.00596
0.468097 8.02736
0.469668 8.04191
0.471239 8.05099
0.47281 8.06264
0.47438 8.07578
0.475951 8.0834
0.477522 8.08001
0.479093 8.08543
0.480664 8.09143
0.482234 8.09118
0.483805 8.08607
0.485376 8.08231
0.486947 8.07821
0.488518 8.06977
0.490088 8.05234
0.491659 8.04486
0.49323 8.0413
0.494801 8.03173
0.496372 8.01821
0.497942 8.01046
0.499513 8.00646
0.501084 7.99991
0.502655 7.98397
0.504226 7.98368
0.505796 7.98863
0.507367 7.9895
0.508938 7.98794
0.510509 7.99298
0.51208 8.0005
0.51365 8.00404
0.515221 8.00112
0.516792 8.01168
0.518363 8.027
0.519934 8.03544
0.521504 8.03921
0.523075 8.04924
0.524646 8.06154
0.526217 8.06792
0.527788 8.06318
0.529358 8.07316
0.530929 8.0855
0.5325 8.09071
0.534071 8.08948
0.535642 8.09207
0.537212 8.09595
0.538783 8.0924
0.540354 8.07642
0.541925 8.07477
0.543496 8.07605
0.545066 8.06838
0.546637 8.05344
0.548208 8.04416
0.549779 8.03786
0.55135 8.02576
0.55292 7.99863
0.554491 7.99052
0.556062 7.98836
0.557633 7.97755
0.559203 7.96044
0.560774 7.95149
0.562345 7.94577
0.563916 7.93544
0.565487 7.91337
0.567057 7.90845
0.568628 7.91414
0.570199 7.91223
0.57177 7.90388
0.573341 7.90343
0.574911 7.91056
0.576482 7.91611
0.578053 7.90436
0.579624 7.91633
0.581195 7.93461
0.582765 7.94695
0.584336 7.9523
0.585907 7.96648
0.587478 7.98328
0.589049 7.99616
0.590619 7.99207
0.59219 8.00873
0.593761 8.03268
0.595332 8.04482
0.596903 8.04831
0.598473 8.05939
0.600044 8.07504
0.601615 8.08352
0.603186 8.0668
0.604757 8.07852
0.606327 8.09891
0.607898 8.10276
0.609469 8.09501
0.61104 8.09897
0.612611 8.10663
0.614181 8.09904
0.615752 8.07299
0.617323 8.07427
0.618894 8.08416
0.620465 8.07755
0.622035 8.05942
0.623606 8.05451
0.625177 8.05508
0.626748 8.04792
0.628319 8.00982
0.629889 8.01032
0.63146 8.02037
0.633031 8.01601
0.634602 7.99792
0.636173 7.99557
0.637743 7.99899
0.639314 7.98987
0.640885 7.95261
0.642456 7.95569
0.644026 7.9707
0.645597 7.96679
0.647168 7.9501
0.648739 7.94844
0.65031 7.95507
0.65188 7.95119
0.653451 7.90711
0.655022 7.91508
0.656593 7.93802
0.658164 7.94062
0.659734 7.92252
0.661305 7.92767
0.662876 7.94154
0.664447 7.93635
0.666018 7.89837
0.667588 7.90917
0.669159 7.93474
0.67073 7.93822
0.672301 7.92415
0.673872 7.93264
0.675442 7.95119
0.677013 7.95541
0.678584 7.8994
0.680155 7.91919
0.681726 7.96313
0.683296 7.97285
0.684867 7.95392
0.686438 7.96999
0.688009 7.99897
0.68958 7.99708
0.69115 7.9426
0.692721 7.96589
0.694292 8.01156
0.695863 8.02251
0.697434 8.00283
0.699004 8.01548
0.700575 8.03962
0.702146 8.04039
0.703717 7.83368
0.705288 7.84915
0.706858 7.99516
0.708429 7.99513
0.71 7.87698
0.711571 7.87787
0.713142 7.9662
0.714712 7.95697
0.716283 7.82907
0.717854 7.84194
0.719425 7.92072
0.720996 7.92909
0.722566 7.8806
0.724137 7.89152
0.725708 7.92956
0.727279 7.9309
0.728849 7.85907
0.73042 7.87365
0.731991 7.91624
0.733562 7.92626
0.735133 7.90337
0.736703 7.91326
0.738274 7.94078
0.739845 7.94299
0.741416 7.8828
0.742987 7.89291
0.744557 7.92677
0.746128 7.92871
0.747699 7.90518
0.74927 7.91031
0.750841 7.9294
0.752411 7.93107
0.753982 7.85922
0.755553 7.87512
0.757124 7.92184
0.758695 7.92899
0.760265 7.90362
0.761836 7.91445
0.763407 7.94051
0.764978 7.93471
0.766549 7.87665
0.768119 7.89472
0.76969 7.9378
0.771261 7.94426
0.772832 7.92329
0.774403 7.9344
0.775973 7.96
0.777544 7.96391
0.779115 7.89628
0.780686 7.91763
0.782257 7.96989
0.783827 7.98075
0.785398 7.95853
0.786969 7.97269
0.78854 8.00322
0.790111 7.99916
0.791681 7.94127
0.793252 7.96034
0.794823 8.00274
0.796394 8.00982
0.797965 7.98804
0.799535 7.99373
0.801106 8.01721
0.802677 8.02004
0.804248 7.9389
0.805819 7.95692
0.807389 8.00621
0.80896 8.00912
0.810531 7.97558
0.812102 7.98189
0.813672 8.00494
0.815243 7.9937
0.816814 7.91573
0.818385 7.92523
0.819956 7.96831
0.821526 7.96638
0.823097 7.93122
0.824668 7.93405
0.826239 7.95273
0.82781 7.94679
0.82938 7.85331
0.830951 7.86926
0.832522 7.92277
0.834093 7.92702
0.835664 7.89517
0.837234 7.90284
0.838805 7.93102
0.840376 7.92319
0.841947 7.85745
0.843518 7.87472
0.845088 7.91855
0.846659 7.9238
0.84823 7.89731
0.849801 7.90792
0.851372 7.93468
0.852942 7.93763
0.854513 7.85672
0.856084 7.87804
0.857655 7.93318
0.859226 7.94158
0.860796 7.91383
0.862367 7.92674
0.863938 7.95719
0.865509 7.95087
0.86708 7.8857
0.86865 7.90398
0.870221 7.94845
0.871792 7.95543
0.873363 7.93256
0.874934 7.94178
0.876504 7.96793
0.878075 7.97316
0.879646 7.88533
0.881217 7.90867
0.882788 7.96992
0.884358 7.9793
0.885929 7.94875
0.8875 7.96185
0.889071 7.99422
0.890642 7.98654
0.892212 7.91144
0.893783 7.92834
0.895354 7.97447
0.896925 7.97841
0.898495 7.94863
0.900066 7.95375
0.901637 7.976
0.903208 7.97476
0.904779 7.87759
0.906349 7.89462
0.90792 7.95282
0.909491 7.95823
0.911062 7.92119
0.912633 7.93101
0.914203 7.96179
0.915774 7.94942
0.917345 7.86445
0.918916 7.87888
0.920487 7.92891
0.922057 7.93205
0.923628 7.89941
0.925199 7.90861
0.92677 7.93353
0.928341 7.93102
0.929911 7.82741
0.931482 7.84793
0.933053 7.91609
0.934624 7.92596
0.936195 7.89001
0.937765 7.90224
0.939336 7.9384
0.940907 7.9287
0.942478 7.85024
0.944049 7.86978
0.945619 7.9216
0.94719 7.92604
0.948761 7.8959
0.950332 7.90545
0.951903 7.93601
0.953473 7.93843
0.955044 7.84087
0.956615 7.8639
0.958186 7.93025
0.959757 7.94117
0.961327 7.90736
0.962898 7.92102
0.964469 7.95843
0.96604 7.95043
0.967611 7.87107
0.969181 7.88925
0.970752 7.93993
0.972323 7.94463
0.973894 7.91515
0.975465 7.92333
0.977035 7.94936
0.978606 7.94995
0.980177 7.84333
0.981748 7.86623
0.983319 7.936
0.984889 7.94365
0.98646 7.90589
0.988031 7.92057
0.989602 7.95936
0.991172 7.94805
0.992743 7.85864
0.994314 7.87936
0.995885 7.9336
0.997456 7.93895
0.999026 7.90848
1.0006 7.91795
1.00217 7.9463
1.00374 7.94662
1.00531 7.83022
1.00688 7.85414
1.00845 7.93255
1.01002 7.94448
1.01159 7.90185
1.01316 7.91453
1.01473 7.95478
1.01631 7.94391
1.01788 7.85115
1.01945 7.8672
1.02102 7.92192
1.02259 7.92698
1.02416 7.89187
1.02573 7.89703
1.0273 7.924
1.02887 7.92644
1.03044 7.81607
1.03201 7.83979
1.03358 7.90803
1.03515 7.92039
1.03673 7.87897
1.0383 7.89428
1.03987 7.9336
1.04144 7.9275
1.04301 7.83853
1.04458 7.85717
1.04615 7.91013
1.04772 7.91302
1.04929 7.87959
1.05086 7.88763
1.05243 7.91699
1.054 7.91682
1.05558 7.79968
1.05715 7.82336
1.05872 7.90318
1.06029 7.91662
1.06186 7.8731
1.06343 7.88826
1.065 7.93677
1.06657 7.92742
1.06814 7.83759
1.06971 7.85931
1.07128 7.91789
1.07285 7.92567
1.07442 7.8928
1.076 7.90727
1.07757 7.93885
1.07914 7.94149
1.08071 7.83345
1.08228 7.85894
1.08385 7.93514
1.08542 7.9492
1.08699 7.90993
1.08856 7.92767
1.09013 7.97001
1.0917 7.9604
1.09327 7.87416
1.09485 7.89286
1.09642 7.94448
1.09799 7.94712
1.09956 7.91381
1.10113 7.92175
1.1027 7.94837
1.10427 7.94709
1.10584 7.83428
1.10741 7.8568
1.10898 7.93148
1.11055 7.94097
1.11212 7.89736
1.11369 7.91121
1.11527 7.95223
1.11684 7.9383
1.11841 7.85002
1.11998 7.86552
1.12155 7.91903
1.12312 7.91937
1.12469 7.8823
1.12626 7.8906
1.12783 7.91711
1.1294 7.9122
1.13097 7.8085
1.13254 7.82715
1.13411 7.89423
1.13569 7.90584
1.13726 7.8663
1.13883 7.87916
1.1404 7.91883
1.14197 7.91171
1.14354 7.82611
1.14511 7.84444
1.14668 7.89652
1.14825 7.90226
1.14982 7.87213
1.15139 7.88543
1.15296 7.91613
1.15454 7.91952
1.15611 7.80276
1.15768 7.83164
1.15925 7.9162
1.16082 7.93503
1.16239 7.8918
1.16396 7.91087
1.16553 7.96168
1.1671 7.95503
1.16867 7.86319
1.17024 7.88735
1.17181 7.94972
1.17338 7.9553
1.17496 7.91946
1.17653 7.93135
1.1781 7.96386
1.17967 7.96216
1.18124 7.83699
1.18281 7.86031
1.18438 7.93921
1.18595 7.94999
1.18752 7.90151
1.18909 7.91166
1.19066 7.95319
1.19223 7.94103
1.19381 7.84215
1.19538 7.8597
1.19695 7.91347
1.19852 7.91254
1.20009 7.87134
1.20166 7.87871
1.20323 7.90696
1.2048 7.90148
1.20637 7.77031
1.20794 7.79309
1.20951 7.87236
1.21108 7.88292
1.21265 7.83005
1.21423 7.84424
1.2158 7.89136
1.21737 7.88246
1.21894 7.76819
1.22051 7.78734
1.22208 7.85759
1.22365 7.86585
1.22522 7.82629
1.22679 7.8425
1.22836 7.88021
1.22993 7.88095
1.2315 7.73809
1.23308 7.77259
1.23465 7.8746
1.23622 7.89701
1.23779 7.84792
1.23936 7.87184
1.24093 7.93192
1.2425 7.92543
1.24407 7.81711
1.24564 7.84488
1.24721 7.9153
1.24878 7.92486
1.25035 7.88535
1.25192 7.89933
1.2535 7.93731
1.25507 7.93884
1.25664 7.7599
1.25821 7.7906
1.25978 7.90446
1.26135 7.91887
1.26292 7.84335
1.26449 7.86148
1.26606 7.9243
1.26763 7.90295
1.2692 7.77334
1.27077 7.7963
1.27235 7.86988
1.27392 7.87345
1.27549 7.82309
1.27706 7.83635
1.27863 7.8738
1.2802 7.869
1.28177 7.69456
1.28334 7.72403
1.28491 7.83103
1.28648 7.84517
1.28805 7.77746
1.28962 7.79736
1.29119 7.86044
1.29277 7.84961
1.29434 7.70718
1.29591 7.73439
1.29748 7.8176
1.29905 7.83047
1.30062 7.78475
1.30219 7.80857
1.30376 7.85333
1.30533 7.85583
1.3069 7.667
1.30847 7.70685
1.31004 7.82852
1.31161 7.85033
1.31319 7.7903
1.31476 7.8278
1.31633 7.88595
1.3179 7.87079
1.31947 7.71293
1.32104 7.74344
1.32261 7.83585
1.32418 7.85075
1.32575 7.80766
1.32732 7.83324
1.32889 7.87162
1.33046 7.86646
1.33204 7.64324
1.33361 7.67987
1.33518 7.82135
1.33675 7.84314
1.33832 7.75832
1.33989 7.78694
1.34146 7.86577
1.34303 7.84456
1.3446 7.67528
1.34617 7.70575
1.34774 7.79965
1.34931 7.80875
1.35088 7.75208
1.35246 7.77505
1.35403 7.82389
1.3556 7.82334
1.35717 7.54972
1.35874 7.59157
1.36031 7.75729
1.36188 7.7809
1.36345 7.67346
1.36502 7.70666
1.36659 7.80437
1.36816 7.77773
1.36973 7.58584
1.37131 7.62298
1.37288 7.73975
1.37445 7.75842
1.37602 7.70513
1.37759 7.74072
1.37916 7.80042
1.38073 7.80257
1.3823 7.53092
1.38387 7.58068
1.38544 7.74772
1.38701 7.77848
1.38858 7.68266
1.39015 7.72448
1.39173 7.82117
1.3933 7.80155
1.39487 7.57479
1.39644 7.61191
1.39801 7.73688
1.39958 7.7582
1.40115 7.69866
1.40272 7.73801
1.40429 7.79121
1.40586 7.78691
1.40743 7.43766
1.409 7.48795
1.41058 7.6855
1.41215 7.71538
1.41372 7.60231
1.41529 7.64479
1.41686 7.74833
1.41843 7.72142
1.42 7.44138
1.42157 7.48168
1.42314 7.61768
1.42471 7.64941
1.42628 7.58983
1.42785 7.63013
1.42942 7.68977
1.431 7.69118
1.43257 7.33816
1.43414 7.39276
1.43571 7.59769
1.43728 7.63681
1.43885 7.52431
1.44042 7.58264
1.44199 7.6982
1.44356 7.67685
1.44513 7.38871
1.4467 7.43291
1.44827 7.58138
1.44985 7.61766
1.45142 7.56084
1.45299 7.61499
1.45456 7.68061
1.45613 7.68471
1.4577 7.23305
1.45927 7.29253
1.46084 7.51821
1.46241 7.56031
1.46398 7.4517
1.46555 7.5157
1.46712 7.61774
1.46869 7.59231
1.47027 7.25678
1.47184 7.31304
1.47341 7.49463
1.47498 7.5378
1.47655 7.49774
1.47812 7.56687
1.47969 7.63173
1.48126 7.64378
1.48283 7.18236
1.4844 7.24675
1.48597 7.46607
1.48754 7.5141
1.48911 7.43285
1.49069 7.50373
1.49226 7.59657
1.49383 7.57685
1.4954 7.24245
1.49697 7.29762
1.49854 7.4708
1.50011 7.52012
1.50168 7.49449
1.50325 7.56765
1.50482 7.62144
1.50639 7.63442
1.50796 7.52066
1.50954 7.56265
1.51111 7.67865
1.51268 7.74342
1.51425 7.74133
1.51582 7.78788
1.51739 7.86692
1.51896 7.88812
1.52053 7.81249
1.5221 7.84446
1.52367 7.90358
1.52524 7.90445
1.52681 7.87051
1.52838 7.88837
1.52996 7.91902
1.53153 7.90438
1.5331 7.83162
1.53467 7.82762
1.53624 7.83958
1.53781 7.80999
1.53938 7.75894
1.54095 7.72165
1.54252 7.67603
1.54409 7.59447
1.54566 7.47284
1.54723 7.3848
1.54881 7.2934
1.55038 7.16053
1.55195 6.99937
1.55352 6.83808
1.55509 6.66488
1.55666 6.46094
1.55823 6.22703
1.5598 5.99644
1.56137 5.75317
1.56294 5.48755
1.56451 5.2072
1.56608 4.92042
1.56765 4.62312
1.56923 4.31607
