0 10075.6
0.0015708 10029.5
0.00314159 9892.21
0.00471239 9667.48
0.00628319 9361.34
0.00785398 8981.9
0.00942478 8538.94
0.0109956 8042.44
0.0125664 7507.41
0.0141372 6942.9
0.015708 6362.06
0.0172788 5776.42
0.0188496 5196.68
0.0204204 4632.32
0.0219911 4091.44
0.0235619 3580.63
0.0251327 3104.9
0.0267035 2667.74
0.0282743 2271.14
0.0298451 1915.56
0.0314159 1601.08
0.0329867 1326.16
0.0345575 1088.26
0.0361283 884.878
0.0376991 712.851
0.0392699 569.189
0.0408407 450.298
0.0424115 353.028
0.0439823 274.26
0.0455531 211.245
0.0471239 161.288
0.0486947 122.129
0.0502655 91.7642
0.0518363 68.4776
0.0534071 50.8226
0.0549779 37.5977
0.0565487 27.8201
0.0581195 20.6962
0.0596903 15.594
0.0612611 12.0155
0.0628319 9.577
0.0644026 7.9822
0.0659734 7.00505
0.0675442 6.47534
0.069115 6.26747
0.0706858 6.28739
0.0722566 6.46655
0.0738274 6.75417
0.0753982 7.11321
0.076969 7.51637
0.0785398 7.94321
0.0801106 8.37893
0.0816814 8.81183
0.0832522 9.23335
0.084823 9.63593
0.0863938 10.016
0.0879646 10.3679
0.0895354 10.6894
0.0911062 10.9782
0.092677 11.2304
0.0942478 11.4451
0.0958186 11.6212
0.0973894 11.7585
0.0989602 11.856
0.100531 11.9121
0.102102 11.9294
0.103673 11.9081
0.105243 11.8485
0.106814 11.7511
0.108385 11.6196
0.109956 11.4567
0.111527 11.2628
0.113097 11.0417
0.114668 10.7984
0.116239 10.5358
0.11781 10.2567
0.119381 9.96577
0.120951 9.66796
0.122522 9.36695
0.124093 9.06724
0.125664 8.77188
0.127235 8.48584
0.128805 8.21254
0.130376 7.95465
0.131947 7.71537
0.133518 7.49737
0.135088 7.30227
0.136659 7.13196
0.13823 6.98708
0.139801 6.86957
0.141372 6.77938
0.142942 6.71635
0.144513 6.67905
0.146084 6.66759
0.147655 6.68069
0.149226 6.71674
0.150796 6.7738
0.152367 6.85071
0.153938 6.94536
0.155509 7.05515
0.15708 7.17794
0.15865 7.31192
0.160221 7.4549
0.161792 7.60381
0.163363 7.75728
0.164934 7.91367
0.166504 8.07112
0.168075 8.22466
0.169646 8.37774
0.171217 8.52429
0.172788 8.66434
0.174358 8.79609
0.175929 8.91657
0.1775 9.02729
0.179071 9.12611
0.180642 9.21143
0.182212 9.28304
0.183783 9.33943
0.185354 9.38105
0.186925 9.40768
0.188496 9.41896
0.190066 9.41734
0.191637 9.40183
0.193208 9.37238
0.194779 9.33012
0.19635 9.27634
0.19792 9.21274
0.199491 9.13967
0.201062 9.05664
0.202633 8.96831
0.204204 8.87427
0.205774 8.77451
0.207345 8.67053
0.208916 8.56493
0.210487 8.45757
0.212058 8.34931
0.213628 8.24133
0.215199 8.13633
0.21677 8.03525
0.218341 7.93694
0.219911 7.84305
0.221482 7.75553
0.223053 7.67544
0.224624 7.60214
0.226195 7.53565
0.227765 7.47889
0.229336 7.4313
0.230907 7.39188
0.232478 7.36125
0.234049 7.33989
0.235619 7.32759
0.23719 7.32368
0.238761 7.32706
0.240332 7.34067
0.241903 7.36287
0.243473 7.39226
0.245044 7.4288
0.246615 7.47365
0.248186 7.52545
0.249757 7.58347
0.251327 7.64709
0.252898 7.71834
0.254469 7.79562
0.25604 7.87675
0.257611 7.96176
0.259181 8.05017
0.260752 8.14085
0.262323 8.23132
0.263894 8.31902
0.265465 8.40741
0.267035 8.49329
0.268606 8.57166
0.270177 8.64366
0.271748 8.70875
0.273319 8.7647
0.274889 8.80945
0.27646 8.84158
0.278031 8.86376
0.279602 8.87485
0.281173 8.87197
0.282743 8.85583
0.284314 8.82917
0.285885 8.7911
0.287456 8.74218
0.289027 8.68262
0.290597 8.61794
0.292168 8.54806
0.293739 8.47132
0.29531 8.38973
0.296881 8.30756
0.298451 8.22459
0.300022 8.14128
0.301593 8.05679
0.303164 7.978
0.304734 7.9029
0.306305 7.82973
0.307876 7.75995
0.309447 7.69586
0.311018 7.63593
0.312588 7.58041
0.314159 7.52821
0.31573 7.48465
0.317301 7.44749
0.318872 7.41462
0.320442 7.38657
0.322013 7.36684
0.323584 7.35463
0.325155 7.34865
0.326726 7.34873
0.328296 7.35917
0.329867 7.3786
0.331438 7.40646
0.333009 7.44167
0.33458 7.48593
0.33615 7.53836
0.337721 7.59742
0.339292 7.66163
0.340863 7.73521
0.342434 7.81568
0.344004 7.89755
0.345575 7.98062
0.347146 8.06682
0.348717 8.15284
0.350288 8.23548
0.351858 8.31258
0.353429 8.38773
0.355 8.45774
0.356571 8.51951
0.358142 8.57111
0.359712 8.61393
0.361283 8.64638
0.362854 8.66674
0.364425 8.67278
0.365996 8.67214
0.367566 8.66264
0.369137 8.63917
0.370708 8.60408
0.372279 8.56196
0.37385 8.51236
0.37542 8.45353
0.376991 8.38511
0.378562 8.31554
0.380133 8.24412
0.381704 8.16801
0.383274 8.08926
0.384845 8.01274
0.386416 7.93652
0.387987 7.86156
0.389557 7.78796
0.391128 7.7237
0.392699 7.66671
0.39427 7.61329
0.395841 7.56466
0.397411 7.52559
0.398982 7.4951
0.400553 7.47062
0.402124 7.45054
0.403695 7.44241
0.405265 7.44257
0.406836 7.44692
0.408407 7.45737
0.409978 7.47455
0.411549 7.49633
0.413119 7.5211
0.41469 7.54717
0.416261 7.58114
0.417832 7.62006
0.419403 7.65788
0.420973 7.69577
0.422544 7.73698
0.424115 7.7812
0.425686 7.82309
0.427257 7.86176
0.428827 7.9057
0.430398 7.95133
0.431969 7.99281
0.43354 8.03196
0.435111 8.0717
0.436681 8.10933
0.438252 8.14295
0.439823 8.16937
0.441394 8.20055
0.442965 8.23185
0.444535 8.25562
0.446106 8.27364
0.447677 8.29157
0.449248 8.3082
0.450819 8.31823
0.452389 8.31969
0.45396 8.32542
0.455531 8.32952
0.457102 8.32693
0.458673 8.31908
0.460243 8.31008
0.461814 8.29747
0.463385 8.27943
0.464956 8.25276
0.466527 8.2305
0.468097 8.20735
0.469668 8.17574
0.471239 8.13762
0.47281 8.10005
0.47438 8.06035
0.475951 8.01596
0.477522 7.9624
0.479093 7.91438
0.480664 7.8677
0.482234 7.8156
0.483805 7.76157
0.485376 7.71112
0.486947 7.66202
0.488518 7.61325
0.490088 7.56354
0.491659 7.52694
0.49323 7.49864
0.494801 7.47319
0.496372 7.45192
0.497942 7.44424
0.499513 7.44708
0.501084 7.45642
0.502655 7.4695
0.504226 7.50079
0.505796 7.54344
0.507367 7.59135
0.508938 7.64506
0.510509 7.70883
0.51208 7.77885
0.51365 7.85018
0.515221 7.91847
0.516792 7.99732
0.518363 8.08032
0.519934 8.15675
0.521504 8.2269
0.523075 8.29748
0.524646 8.36608
0.526217 8.4249
0.527788 8.46845
0.529358 8.51536
0.530929 8.56132
0.5325 8.59224
0.534071 8.61284
0.535642 8.62982
0.537212 8.63983
0.538783 8.63877
0.540354 8.62241
0.541925 8.61286
0.543496 8.60353
0.545066 8.58116
0.546637 8.55141
0.548208 8.52339
0.549779 8.49524
0.55135 8.46004
0.55292 8.41327
0.554491 8.37884
0.556062 8.34662
0.557633 8.30861
0.559203 8.26625
0.560774 8.22789
0.562345 8.19028
0.563916 8.14789
0.565487 8.09811
0.567057 8.06095
0.568628 8.02837
0.570199 7.9893
0.57177 7.9461
0.573341 7.91101
0.574911 7.8804
0.576482 7.84778
0.578053 7.80607
0.579624 7.7812
0.581195 7.76479
0.582765 7.74451
0.584336 7.72371
0.585907 7.71345
0.587478 7.7088
0.589049 7.70393
0.590619 7.69645
0.59219 7.70678
0.593761 7.72805
0.595332 7.74869
0.596903 7.76884
0.598473 7.80069
0.600044 7.84263
0.601615 7.88567
0.603186 7.91866
0.604757 7.97269
0.606327 8.03949
0.607898 8.09883
0.609469 8.15248
0.61104 8.21613
0.612611 8.27993
0.614181 8.33452
0.615752 8.37536
0.617323 8.43186
0.618894 8.49009
0.620465 8.53191
0.622035 8.55886
0.623606 8.58905
0.625177 8.61634
0.626748 8.62833
0.628319 8.61346
0.629889 8.61463
0.63146 8.61687
0.633031 8.5988
0.634602 8.56524
0.636173 8.53563
0.637743 8.50144
0.639314 8.45287
0.640885 8.38058
0.642456 8.33206
0.644026 8.28841
0.645597 8.22885
0.647168 8.15846
0.648739 8.09944
0.65031 8.04602
0.65188 7.9842
0.653451 7.90523
0.655022 7.85558
0.656593 7.8191
0.658164 7.77355
0.659734 7.72263
0.661305 7.68737
0.662876 7.66175
0.664447 7.63108
0.666018 7.589
0.667588 7.57757
0.669159 7.58203
0.67073 7.58153
0.672301 7.5779
0.673872 7.59083
0.675442 7.6171
0.677013 7.64209
0.678584 7.6435
0.680155 7.68926
0.681726 7.75277
0.683296 7.80391
0.684867 7.84108
0.686438 7.90345
0.688009 7.97401
0.68958 8.02635
0.69115 8.05319
0.692721 8.12237
0.694292 8.2018
0.695863 8.2597
0.697434 8.29497
0.699004 8.34467
0.700575 8.39852
0.702146 8.43185
0.703717 8.30567
0.705288 8.33695
0.706858 8.45501
0.708429 8.4653
0.71 8.35997
0.711571 8.35399
0.713142 8.41764
0.714712 8.39994
0.716283 8.27922
0.717854 8.26801
0.719425 8.30142
0.720996 8.2771
0.722566 8.19768
0.724137 8.16928
0.725708 8.16524
0.727279 8.12911
0.728849 8.02601
0.73042 8.00035
0.731991 8.00129
0.733562 7.97237
0.735133 7.91232
0.736703 7.88464
0.738274 7.87494
0.739845 7.84149
0.741416 7.76381
0.742987 7.74448
0.744557 7.74665
0.746128 7.72537
0.747699 7.68462
0.74927 7.66768
0.750841 7.66796
0.752411 7.65883
0.753982 7.5973
0.755553 7.60545
0.757124 7.63817
0.758695 7.64764
0.760265 7.63627
0.761836 7.6571
0.763407 7.69289
0.764978 7.7113
0.766549 7.69039
0.768119 7.73454
0.76969 7.80371
0.771261 7.84603
0.772832 7.86763
0.774403 7.92133
0.775973 7.98863
0.777544 8.03908
0.779115 8.0221
0.780686 8.0883
0.782257 8.18165
0.783827 8.23528
0.785398 8.25236
0.786969 8.30188
0.78854 8.36245
0.790111 8.3833
0.791681 8.34597
0.793252 8.37917
0.794823 8.4326
0.796394 8.43968
0.797965 8.41085
0.799535 8.40905
0.801106 8.41627
0.802677 8.39275
0.804248 8.29163
0.805819 8.27669
0.807389 8.28671
0.80896 8.25401
0.810531 8.18336
0.812102 8.14705
0.813672 8.12602
0.815243 8.06894
0.816814 7.95761
0.818385 7.92324
0.819956 7.9147
0.821526 7.87341
0.823097 7.80866
0.824668 7.77242
0.826239 7.75465
0.82781 7.72149
0.82938 7.61696
0.830951 7.60832
0.832522 7.64011
0.834093 7.63025
0.835664 7.59102
0.837234 7.59526
0.838805 7.62074
0.840376 7.61159
0.841947 7.5602
0.843518 7.58861
0.845088 7.64487
0.846659 7.66988
0.84823 7.67139
0.849801 7.70766
0.851372 7.76448
0.852942 7.80287
0.854513 7.76056
0.856084 7.82326
0.857655 7.92038
0.859226 7.97331
0.860796 7.98845
0.862367 8.0448
0.863938 8.11972
0.865509 8.15641
0.86708 8.12738
0.86865 8.18396
0.870221 8.26605
0.871792 8.29804
0.873363 8.29358
0.874934 8.32312
0.876504 8.36141
0.878075 8.36984
0.879646 8.28122
0.881217 8.29818
0.882788 8.34687
0.884358 8.33997
0.885929 8.28637
0.8875 8.27335
0.889071 8.27537
0.890642 8.23632
0.892212 8.12996
0.893783 8.11153
0.895354 8.11928
0.896925 8.08146
0.898495 8.01326
0.900066 7.98249
0.901637 7.96984
0.903208 7.93145
0.904779 7.81339
0.906349 7.7994
0.90792 7.82126
0.909491 7.80055
0.911062 7.74388
0.912633 7.73337
0.914203 7.74267
0.915774 7.71765
0.917345 7.63107
0.918916 7.63641
0.920487 7.67255
0.922057 7.67636
0.923628 7.64886
0.925199 7.66063
0.92677 7.68996
0.928341 7.70092
0.929911 7.62139
0.931482 7.65772
0.933053 7.74406
0.934624 7.77762
0.936195 7.76835
0.937765 7.81218
0.939336 7.87751
0.940907 7.89724
0.942478 7.85512
0.944049 7.90877
0.945619 7.99351
0.94719 8.03362
0.948761 8.03699
0.950332 8.07898
0.951903 8.13863
0.953473 8.16917
0.955044 8.08968
0.956615 8.13701
0.958186 8.22765
0.959757 8.2557
0.961327 8.22953
0.962898 8.25233
0.964469 8.29589
0.96604 8.29078
0.967611 8.2026
0.969181 8.21892
0.970752 8.26566
0.972323 8.25759
0.973894 8.207
0.975465 8.2003
0.977035 8.20981
0.978606 8.18486
0.980177 8.05403
0.981748 8.05164
0.983319 8.09136
0.984889 8.07454
0.98646 8.00669
0.988031 7.99044
0.989602 7.9985
0.991172 7.96356
0.992743 7.85391
0.994314 7.84802
0.995885 7.87444
0.997456 7.85252
0.999026 7.79868
1.0006 7.78804
1.00217 7.79868
1.00374 7.78291
1.00531 7.66814
1.00688 7.68162
1.00845 7.74087
1.01002 7.74768
1.01159 7.70778
1.01316 7.72592
1.01473 7.76755
1.01631 7.76709
1.01788 7.69977
1.01945 7.73595
1.02102 7.80635
1.02259 7.8304
1.02416 7.82349
1.02573 7.86266
1.0273 7.92148
1.02887 7.95416
1.03044 7.87542
1.03201 7.93455
1.03358 8.0509
1.03515 8.10071
1.03673 8.09188
1.0383 8.14632
1.03987 8.22864
1.04144 8.25045
1.04301 8.19095
1.04458 8.24315
1.04615 8.32972
1.04772 8.35894
1.04929 8.34243
1.05086 8.37204
1.05243 8.41402
1.054 8.41859
1.05558 8.30307
1.05715 8.32539
1.05872 8.39197
1.06029 8.39447
1.06186 8.33509
1.06343 8.32822
1.065 8.34545
1.06657 8.3085
1.06814 8.18402
1.06971 8.16938
1.07128 8.18954
1.07285 8.15492
1.07442 8.0833
1.076 8.05605
1.07757 8.04557
1.07914 8.00802
1.08071 7.86168
1.08228 7.85072
1.08385 7.89287
1.08542 7.87512
1.08699 7.8055
1.08856 7.79773
1.09013 7.81753
1.0917 7.78463
1.09327 7.68198
1.09485 7.69003
1.09642 7.73526
1.09799 7.73483
1.09956 7.69778
1.10113 7.71282
1.1027 7.74639
1.10427 7.75349
1.10584 7.66487
1.10741 7.70386
1.10898 7.79063
1.11055 7.82799
1.11212 7.81449
1.11369 7.85809
1.11527 7.92655
1.11684 7.95221
1.11841 7.90431
1.11998 7.95608
1.12155 8.03829
1.12312 8.07843
1.12469 8.07747
1.12626 8.11915
1.12783 8.17828
1.1294 8.20698
1.13097 8.10971
1.13254 8.15888
1.13411 8.25536
1.13569 8.2851
1.13726 8.24734
1.13883 8.26914
1.1404 8.31602
1.14197 8.30202
1.14354 8.20441
1.14511 8.21417
1.14668 8.25584
1.14825 8.24025
1.14982 8.18259
1.15139 8.16272
1.15296 8.16532
1.15454 8.13613
1.15611 7.99499
1.15768 7.98628
1.15925 8.01851
1.16082 7.99644
1.16239 7.9218
1.16396 7.90148
1.16553 7.90705
1.1671 7.86449
1.16867 7.74785
1.17024 7.73426
1.17181 7.75854
1.17338 7.73852
1.17496 7.6841
1.17653 7.67473
1.1781 7.68792
1.17967 7.67732
1.18124 7.55639
1.18281 7.58006
1.18438 7.6555
1.18595 7.67356
1.18752 7.63918
1.18909 7.67028
1.19066 7.72959
1.19223 7.74102
1.19381 7.66767
1.19538 7.71463
1.19695 7.80127
1.19852 7.83851
1.20009 7.83356
1.20166 7.88021
1.20323 7.94515
1.2048 7.97483
1.20637 7.8775
1.20794 7.9363
1.20951 8.05161
1.21108 8.09305
1.21265 8.07154
1.21423 8.11182
1.2158 8.18525
1.21737 8.19042
1.21894 8.09081
1.22051 8.12176
1.22208 8.19201
1.22365 8.19956
1.22522 8.15819
1.22679 8.16422
1.22836 8.18798
1.22993 8.17323
1.2315 8.01645
1.23308 8.02671
1.23465 8.0921
1.23622 8.08481
1.23779 8.00897
1.23936 8.00218
1.24093 8.02618
1.2425 7.98715
1.24407 7.84891
1.24564 7.84504
1.24721 7.8792
1.24878 7.85894
1.25035 7.79669
1.25192 7.7861
1.2535 7.79856
1.25507 7.7799
1.25664 7.60149
1.25821 7.61889
1.25978 7.70584
1.26135 7.70909
1.26292 7.64066
1.26449 7.65219
1.26606 7.70271
1.26763 7.6837
1.2692 7.5702
1.27077 7.59707
1.27235 7.6695
1.27392 7.68443
1.27549 7.64873
1.27706 7.67837
1.27863 7.73093
1.2802 7.74754
1.28177 7.59826
1.28334 7.65433
1.28491 7.78292
1.28648 7.82407
1.28805 7.78365
1.28962 7.8347
1.29119 7.92587
1.29277 7.93908
1.29434 7.82086
1.29591 7.87635
1.29748 7.98612
1.29905 8.02446
1.30062 8.00165
1.30219 8.04522
1.30376 8.10463
1.30533 8.11788
1.3069 7.94509
1.30847 7.99264
1.31004 8.11063
1.31161 8.13545
1.31319 8.07578
1.31476 8.11392
1.31633 8.15047
1.3179 8.11577
1.31947 7.95695
1.32104 7.967
1.32261 8.0324
1.32418 8.01839
1.32575 7.9507
1.32732 7.94221
1.32889 7.95087
1.33046 7.91633
1.33204 7.65598
1.33361 7.66363
1.33518 7.77839
1.33675 7.77062
1.33832 7.65135
1.33989 7.6533
1.34146 7.70977
1.34303 7.66423
1.3446 7.48475
1.34617 7.50415
1.34774 7.58249
1.34931 7.58756
1.35088 7.5278
1.35246 7.54959
1.35403 7.60175
1.3556 7.60863
1.35717 7.3727
1.35874 7.42613
1.36031 7.59123
1.36188 7.62943
1.36345 7.55591
1.36502 7.60548
1.36659 7.71601
1.36816 7.71895
1.36973 7.57096
1.37131 7.63235
1.37288 7.76584
1.37445 7.80978
1.37602 7.7774
1.37759 7.83574
1.37916 7.92029
1.38073 7.94849
1.3823 7.6858
1.38387 7.75846
1.38544 7.9545
1.38701 7.99921
1.38858 7.91272
1.39015 7.96649
1.39173 8.07479
1.3933 8.06478
1.39487 7.83851
1.39644 7.8875
1.39801 8.01457
1.39958 8.03984
1.40115 7.97004
1.40272 8.0029
1.40429 8.04543
1.40586 8.03121
1.40743 7.69114
1.409 7.72157
1.41058 7.88555
1.41215 7.89318
1.41372 7.75913
1.41529 7.77648
1.41686 7.84584
1.41843 7.78448
1.42 7.52612
1.42157 7.53674
1.42314 7.6299
1.42471 7.62909
1.42628 7.54065
1.42785 7.55388
1.42942 7.59021
1.431 7.57167
1.43257 7.19154
1.43414 7.22949
1.43571 7.42197
1.43728 7.44315
1.43885 7.32065
1.44042 7.37105
1.44199 7.47828
1.44356 7.45948
1.44513 7.20212
1.4467 7.26398
1.44827 7.42858
1.44985 7.4853
1.45142 7.45249
1.45299 7.53435
1.45456 7.62914
1.45613 7.66378
1.4577 7.33093
1.45927 7.4245
1.46084 7.66307
1.46241 7.74425
1.46398 7.67591
1.46555 7.76931
1.46712 7.90717
1.46869 7.90854
1.47027 7.62208
1.47184 7.70299
1.47341 7.88184
1.47498 7.94199
1.47655 7.90259
1.47812 7.9729
1.47969 8.03939
1.48126 8.0467
1.48283 7.60707
1.4844 7.66707
1.48597 7.87218
1.48754 7.8964
1.48911 7.79323
1.49069 7.83652
1.49226 7.90516
1.49383 7.86266
1.4954 7.49707
1.49697 7.52784
1.49854 7.66014
1.50011 7.68442
1.50168 7.63111
1.50325 7.67327
1.50482 7.68807
1.50639 7.67696
1.50796 7.5689
1.50954 7.58881
1.51111 7.65645
1.51268 7.69913
1.51425 7.69516
1.51582 7.73019
1.51739 7.78196
1.51896 7.8033
1.52053 7.72981
1.5221 7.74634
1.52367 7.79443
1.52524 7.78908
1.52681 7.7564
1.52838 7.7794
1.52996 7.80092
1.53153 7.77803
1.5331 7.7107
1.53467 7.70313
1.53624 7.71478
1.53781 7.68812
1.53938 7.64167
1.54095 7.60714
1.54252 7.56568
1.54409 7.4922
1.54566 7.38584
1.54723 7.30961
1.54881 7.22986
1.55038 7.11141
1.55195 6.96665
1.55352 6.82583
1.55509 6.67495
1.55666 6.4921
1.55823 6.28012
1.5598 6.07291
1.56137 5.8556
1.56294 5.61324
1.56451 5.35525
1.56608 5.08883
1.56765 4.80997
1.56923 4.51835
