0 2.40186e-05
0.0015708 3.88002e-05
0.00314159 6.20946e-05
0.00471239 9.84445e-05
0.00628319 0.000154615
0.00785398 0.000240575
0.00942478 0.000370873
0.0109956 0.000566431
0.0125664 0.000857018
0.0141372 0.00128472
0.015708 0.00190804
0.0172788 0.00280759
0.0188496 0.00409317
0.0204204 0.0059124
0.0219911 0.00846189
0.0235619 0.0119984
0.0251327 0.016858
0.0267035 0.0234685
0.0282743 0.0323735
0.0298451 0.0442479
0.0314159 0.0599304
0.0329867 0.0804284
0.0345575 0.106965
0.0361283 0.140969
0.0376991 0.184098
0.0392699 0.238268
0.0408407 0.305613
0.0424115 0.388474
0.0439823 0.489399
0.0455531 0.611111
0.0471239 0.756297
0.0486947 0.927764
0.0502655 1.12812
0.0518363 1.35975
0.0534071 1.62476
0.0549779 1.92456
0.0565487 2.26017
0.0581195 2.63174
0.0596903 3.03847
0.0612611 3.47849
0.0628319 3.94903
0.0644026 4.44644
0.0659734 4.96602
0.0675442 5.50125
0.069115 6.04536
0.0706858 6.59154
0.0722566 7.13164
0.0738274 7.65673
0.0753982 8.15943
0.076969 8.63214
0.0785398 9.06687
0.0801106 9.45658
0.0816814 9.79676
0.0832522 10.0834
0.084823 10.3131
0.0863938 10.4843
0.0879646 10.5959
0.0895354 10.6504
0.0911062 10.6499
0.092677 10.598
0.0942478 10.4983
0.0958186 10.3564
0.0973894 10.1792
0.0989602 9.97097
0.100531 9.73798
0.102102 9.48651
0.103673 9.22277
0.105243 8.95112
0.106814 8.67696
0.108385 8.4047
0.109956 8.13804
0.111527 7.88032
0.113097 7.63536
0.114668 7.40585
0.116239 7.194
0.11781 7.00118
0.119381 6.82986
0.120951 6.68124
0.122522 6.55634
0.124093 6.45675
0.125664 6.38246
0.127235 6.33489
0.128805 6.31384
0.130376 6.319
0.131947 6.35019
0.133518 6.40698
0.135088 6.48742
0.136659 6.59067
0.13823 6.71433
0.139801 6.85707
0.141372 7.01568
0.142942 7.18712
0.144513 7.36817
0.146084 7.55625
0.147655 7.74772
0.149226 7.93871
0.150796 8.1257
0.152367 8.30663
0.153938 8.4783
0.155509 8.63669
0.15708 8.77926
0.15865 8.90476
0.160221 9.0106
0.161792 9.09517
0.163363 9.15632
0.164934 9.19632
0.166504 9.21364
0.168075 9.20747
0.169646 9.17824
0.171217 9.1281
0.172788 9.05822
0.174358 8.96926
0.175929 8.86315
0.1775 8.74322
0.179071 8.61146
0.180642 8.46929
0.182212 8.32029
0.183783 8.16744
0.185354 8.01308
0.186925 7.85986
0.188496 7.71016
0.190066 7.56904
0.191637 7.43767
0.193208 7.31726
0.194779 7.2106
0.19635 7.12022
0.19792 7.04668
0.199491 6.99047
0.201062 6.9524
0.202633 6.93538
0.204204 6.93765
0.205774 6.95855
0.207345 6.99707
0.208916 7.05285
0.210487 7.12393
0.212058 7.20892
0.213628 7.30446
0.215199 7.41103
0.21677 7.52585
0.218341 7.645
0.219911 7.76537
0.221482 7.88727
0.223053 8.00704
0.224624 8.12219
0.226195 8.2292
0.227765 8.32774
0.229336 8.41903
0.230907 8.49726
0.232478 8.56224
0.234049 8.61404
0.235619 8.65157
0.23719 8.67485
0.238761 8.68233
0.240332 8.67848
0.241903 8.66211
0.243473 8.63223
0.245044 8.59045
0.246615 8.54024
0.248186 8.48166
0.249757 8.41509
0.251327 8.34141
0.252898 8.26521
0.254469 8.18655
0.25604 8.10566
0.257611 8.0244
0.259181 7.94468
0.260752 7.86716
0.262323 7.79261
0.263894 7.72081
0.265465 7.65671
0.267035 7.59943
0.268606 7.54773
0.270177 7.50281
0.271748 7.46687
0.273319 7.43945
0.274889 7.42017
0.27646 7.4083
0.278031 7.40674
0.279602 7.41478
0.281173 7.43039
0.282743 7.45392
0.284314 7.48568
0.285885 7.52404
0.287456 7.56883
0.289027 7.61737
0.290597 7.67282
0.292168 7.73328
0.293739 7.79517
0.29531 7.8579
0.296881 7.92216
0.298451 7.98602
0.300022 8.04744
0.301593 8.10432
0.303164 8.15944
0.304734 8.21086
0.306305 8.25502
0.307876 8.29224
0.309447 8.32364
0.311018 8.347
0.312588 8.36183
0.314159 8.36711
0.31573 8.36772
0.317301 8.3617
0.318872 8.34702
0.320442 8.324
0.322013 8.29709
0.323584 8.26565
0.325155 8.22784
0.326726 8.18458
0.328296 8.14134
0.329867 8.09667
0.331438 8.04932
0.333009 8.00079
0.33458 7.95356
0.33615 7.90684
0.337721 7.86102
0.339292 7.8151
0.340863 7.7756
0.342434 7.74054
0.344004 7.70696
0.345575 7.67605
0.347146 7.65189
0.348717 7.63287
0.350288 7.61742
0.351858 7.60473
0.353429 7.60078
0.355 7.60364
0.356571 7.60981
0.358142 7.62054
0.359712 7.63787
0.361283 7.65963
0.362854 7.68472
0.364425 7.71165
0.365996 7.74639
0.367566 7.78646
0.369137 7.82587
0.370708 7.86519
0.372279 7.90871
0.37385 7.95333
0.37542 7.99546
0.376991 8.0334
0.378562 8.07277
0.380133 8.1126
0.381704 8.14616
0.383274 8.17446
0.384845 8.19986
0.386416 8.21963
0.387987 8.23266
0.389557 8.23603
0.391128 8.23876
0.392699 8.23886
0.39427 8.22941
0.395841 8.21298
0.397411 8.1945
0.398982 8.17227
0.400553 8.144
0.402124 8.10893
0.403695 8.07694
0.405265 8.04477
0.406836 8.0091
0.408407 7.97128
0.409978 7.93554
0.411549 7.90094
0.413119 7.86604
0.41469 7.83033
0.416261 7.8016
0.417832 7.77839
0.419403 7.7559
0.420973 7.73495
0.422544 7.71958
0.424115 7.71015
0.425686 7.70326
0.427257 7.69669
0.428827 7.69928
0.430398 7.70727
0.431969 7.71696
0.43354 7.72873
0.435111 7.74531
0.436681 7.76446
0.438252 7.78507
0.439823 7.80334
0.441394 7.8291
0.442965 7.85861
0.444535 7.88544
0.446106 7.91003
0.447677 7.93762
0.449248 7.96631
0.450819 7.99187
0.452389 8.0107
0.45396 8.03476
0.455531 8.05915
0.457102 8.07784
0.458673 8.09198
0.460243 8.10619
0.461814 8.11713
0.463385 8.12207
0.464956 8.11871
0.466527 8.12019
0.468097 8.12148
0.469668 8.11462
0.471239 8.10146
0.47281 8.09066
0.47438 8.0785
0.475951 8.06072
0.477522 8.03534
0.479093 8.01686
0.480664 7.99967
0.482234 7.97832
0.483805 7.95444
0.485376 7.93346
0.486947 7.91292
0.488518 7.8909
0.490088 7.8645
0.491659 7.84777
0.49323 7.83583
0.494801 7.82102
0.496372 7.8046
0.497942 7.79574
0.499513 7.7908
0.501084 7.78533
0.502655 7.77539
0.504226 7.77726
0.505796 7.78459
0.507367 7.78978
0.508938 7.79483
0.510509 7.80573
0.51208 7.81857
0.51365 7.82917
0.515221 7.83508
0.516792 7.8525
0.518363 7.87486
0.519934 7.89176
0.521504 7.90543
0.523075 7.9245
0.524646 7.94524
0.526217 7.96172
0.527788 7.96922
0.529358 7.98757
0.530929 8.00793
0.5325 8.02236
0.534071 8.03182
0.535642 8.04333
0.537212 8.05386
0.538783 8.0586
0.540354 8.05215
0.541925 8.05567
0.543496 8.06139
0.545066 8.0579
0.546637 8.04755
0.548208 8.0413
0.549779 8.0358
0.55135 8.02372
0.55292 8.00005
0.554491 7.98822
0.556062 7.98127
0.557633 7.96635
0.559203 7.94729
0.560774 7.93329
0.562345 7.9203
0.563916 7.90227
0.565487 7.87603
0.567057 7.86476
0.568628 7.86015
0.570199 7.8486
0.57177 7.8334
0.573341 7.82752
0.574911 7.82619
0.576482 7.8214
0.578053 7.80645
0.579624 7.81022
0.581195 7.82055
0.582765 7.8262
0.584336 7.82856
0.585907 7.83776
0.587478 7.84985
0.589049 7.85831
0.590619 7.85641
0.59219 7.87136
0.593761 7.89209
0.595332 7.90393
0.596903 7.91002
0.598473 7.92402
0.600044 7.9414
0.601615 7.95232
0.603186 7.9478
0.604757 7.96189
0.606327 7.98088
0.607898 7.99062
0.609469 7.99238
0.61104 8.00077
0.612611 8.00964
0.614181 8.01037
0.615752 7.99384
0.617323 7.99761
0.618894 8.00787
0.620465 8.00563
0.622035 7.9938
0.623606 7.99112
0.625177 7.99039
0.626748 7.98184
0.628319 7.95152
0.629889 7.94925
0.63146 7.95298
0.633031 7.94537
0.634602 7.92761
0.636173 7.92084
0.637743 7.91778
0.639314 7.90458
0.640885 7.87476
0.642456 7.87159
0.644026 7.87574
0.645597 7.86883
0.647168 7.85178
0.648739 7.84923
0.65031 7.85352
0.65188 7.85038
0.653451 7.81939
0.655022 7.82626
0.656593 7.84758
0.658164 7.85203
0.659734 7.8434
0.661305 7.8532
0.662876 7.86914
0.664447 7.87
0.666018 7.85091
0.667588 7.86644
0.669159 7.89294
0.67073 7.90123
0.672301 7.8954
0.673872 7.90838
0.675442 7.92733
0.677013 7.93222
0.678584 7.90151
0.680155 7.91708
0.681726 7.94553
0.683296 7.9526
0.684867 7.94116
0.686438 7.95083
0.688009 7.96527
0.68958 7.96027
0.69115 7.91869
0.692721 7.92857
0.694292 7.95358
0.695863 7.95392
0.697434 7.93438
0.699004 7.93579
0.700575 7.94528
0.702146 7.93854
0.703717 7.75853
0.705288 7.76431
0.706858 7.87934
0.708429 7.88252
0.71 7.75857
0.711571 7.75442
0.713142 7.83767
0.714712 7.82867
0.716283 7.72433
0.717854 7.73609
0.719425 7.80256
0.720996 7.80716
0.722566 7.76234
0.724137 7.77334
0.725708 7.81075
0.727279 7.81326
0.728849 7.75806
0.73042 7.77416
0.731991 7.81383
0.733562 7.82741
0.735133 7.81265
0.736703 7.82787
0.738274 7.85768
0.739845 7.86372
0.741416 7.81638
0.742987 7.83158
0.744557 7.87007
0.746128 7.87686
0.747699 7.86079
0.74927 7.87209
0.750841 7.89433
0.752411 7.89801
0.753982 7.84482
0.755553 7.86312
0.757124 7.90317
0.758695 7.91349
0.760265 7.89476
0.761836 7.90464
0.763407 7.92636
0.764978 7.92183
0.766549 7.8723
0.768119 7.88631
0.76969 7.91926
0.771261 7.92025
0.772832 7.89617
0.774403 7.9023
0.775973 7.91958
0.777544 7.91603
0.779115 7.84536
0.780686 7.85735
0.782257 7.89772
0.783827 7.89959
0.785398 7.87013
0.786969 7.87328
0.78854 7.89236
0.790111 7.88161
0.791681 7.8198
0.793252 7.83204
0.794823 7.86666
0.796394 7.86602
0.797965 7.83876
0.799535 7.84508
0.801106 7.8645
0.802677 7.86169
0.804248 7.78374
0.805819 7.80078
0.807389 7.85012
0.80896 7.85714
0.810531 7.82944
0.812102 7.83943
0.813672 7.86883
0.815243 7.86255
0.816814 7.80422
0.818385 7.82119
0.819956 7.86248
0.821526 7.87021
0.823097 7.84831
0.824668 7.85626
0.826239 7.87886
0.82781 7.88434
0.82938 7.81283
0.830951 7.83202
0.832522 7.88081
0.834093 7.89009
0.835664 7.86516
0.837234 7.87632
0.838805 7.90222
0.840376 7.89573
0.841947 7.83657
0.843518 7.85066
0.845088 7.88732
0.846659 7.88715
0.84823 7.86404
0.849801 7.87152
0.851372 7.89013
0.852942 7.88882
0.854513 7.80957
0.856084 7.82458
0.857655 7.87591
0.859226 7.88107
0.860796 7.85088
0.862367 7.86054
0.863938 7.88642
0.865509 7.87463
0.86708 7.80737
0.86865 7.8218
0.870221 7.86376
0.871792 7.86574
0.873363 7.83677
0.874934 7.84529
0.876504 7.86686
0.878075 7.86643
0.879646 7.78777
0.881217 7.80638
0.882788 7.85628
0.884358 7.86485
0.885929 7.83658
0.8875 7.84798
0.889071 7.87642
0.890642 7.86904
0.892212 7.80259
0.893783 7.81741
0.895354 7.86244
0.896925 7.86444
0.898495 7.83879
0.900066 7.84767
0.901637 7.8701
0.903208 7.86894
0.904779 7.78148
0.906349 7.80116
0.90792 7.85895
0.909491 7.86716
0.911062 7.83305
0.912633 7.84388
0.914203 7.87714
0.915774 7.86553
0.917345 7.79279
0.918916 7.81093
0.920487 7.85848
0.922057 7.86102
0.923628 7.83209
0.925199 7.84295
0.92677 7.86874
0.928341 7.8672
0.929911 7.7796
0.931482 7.80002
0.933053 7.85887
0.934624 7.86928
0.936195 7.83772
0.937765 7.85063
0.939336 7.88261
0.940907 7.87494
0.942478 7.80302
0.944049 7.82095
0.945619 7.86722
0.94719 7.87004
0.948761 7.83959
0.950332 7.84835
0.951903 7.87276
0.953473 7.87034
0.955044 7.77437
0.956615 7.7934
0.958186 7.85316
0.959757 7.86092
0.961327 7.82191
0.962898 7.83554
0.964469 7.86801
0.96604 7.85422
0.967611 7.77407
0.969181 7.79
0.970752 7.8412
0.972323 7.84465
0.973894 7.81238
0.975465 7.82285
0.977035 7.84983
0.978606 7.84839
0.980177 7.75583
0.981748 7.77793
0.983319 7.83906
0.984889 7.85163
0.98646 7.81864
0.988031 7.83286
0.989602 7.86619
0.991172 7.86189
0.992743 7.782
0.994314 7.79953
0.995885 7.84978
0.997456 7.85312
0.999026 7.82253
1.0006 7.83161
1.00217 7.85825
1.00374 7.85537
1.00531 7.74536
1.00688 7.76624
1.00845 7.84255
1.01002 7.85342
1.01159 7.81051
1.01316 7.82412
1.01473 7.86414
1.01631 7.85214
1.01788 7.77169
1.01945 7.79201
1.02102 7.84571
1.02259 7.85059
1.02416 7.81592
1.02573 7.82578
1.0273 7.85549
1.02887 7.85723
1.03044 7.76153
1.03201 7.78222
1.03358 7.84493
1.03515 7.85664
1.03673 7.82037
1.0383 7.83461
1.03987 7.87283
1.04144 7.86379
1.04301 7.77714
1.04458 7.79313
1.04615 7.84321
1.04772 7.84529
1.04929 7.81261
1.05086 7.81999
1.05243 7.84417
1.054 7.84252
1.05558 7.73865
1.05715 7.76289
1.05872 7.82703
1.06029 7.8392
1.06186 7.79949
1.06343 7.81479
1.065 7.85297
1.06657 7.84431
1.06814 7.76507
1.06971 7.78397
1.07128 7.83517
1.07285 7.83575
1.07442 7.80322
1.076 7.81592
1.07757 7.84511
1.07914 7.8437
1.08071 7.73504
1.08228 7.75949
1.08385 7.83147
1.08542 7.84633
1.08699 7.80548
1.08856 7.82073
1.09013 7.86221
1.0917 7.85303
1.09327 7.77028
1.09485 7.79301
1.09642 7.84767
1.09799 7.85146
1.09956 7.81822
1.10113 7.83248
1.1027 7.86221
1.10427 7.85946
1.10584 7.74684
1.10741 7.76969
1.10898 7.84738
1.11055 7.86076
1.11212 7.81623
1.11369 7.8285
1.11527 7.87197
1.11684 7.85734
1.11841 7.7758
1.11998 7.79449
1.12155 7.84539
1.12312 7.84685
1.12469 7.80948
1.12626 7.81849
1.12783 7.84645
1.1294 7.84522
1.13097 7.7491
1.13254 7.76847
1.13411 7.82674
1.13569 7.8399
1.13726 7.80315
1.13883 7.81681
1.1404 7.85266
1.14197 7.84473
1.14354 7.7622
1.14511 7.77752
1.14668 7.82771
1.14825 7.83031
1.14982 7.79992
1.15139 7.809
1.15296 7.83393
1.15454 7.83491
1.15611 7.73244
1.15768 7.75491
1.15925 7.82469
1.16082 7.83962
1.16239 7.80381
1.16396 7.82053
1.16553 7.85984
1.1671 7.85158
1.16867 7.76176
1.17024 7.77839
1.17181 7.83422
1.17338 7.83996
1.17496 7.80639
1.17653 7.81793
1.1781 7.84479
1.17967 7.84213
1.18124 7.72608
1.18281 7.7495
1.18438 7.82794
1.18595 7.84135
1.18752 7.79721
1.18909 7.81559
1.19066 7.85818
1.19223 7.84675
1.19381 7.75754
1.19538 7.77659
1.19695 7.82958
1.19852 7.83247
1.20009 7.79719
1.20166 7.80648
1.20323 7.83684
1.2048 7.83625
1.20637 7.70427
1.20794 7.72822
1.20951 7.81225
1.21108 7.82496
1.21265 7.7731
1.21423 7.7876
1.2158 7.83459
1.21737 7.82274
1.21894 7.72279
1.22051 7.74147
1.22208 7.8
1.22365 7.80695
1.22522 7.76917
1.22679 7.77622
1.22836 7.80807
1.22993 7.81064
1.2315 7.67996
1.23308 7.707
1.23465 7.79216
1.23622 7.80689
1.23779 7.75916
1.23936 7.77756
1.24093 7.82727
1.2425 7.81796
1.24407 7.71929
1.24564 7.74354
1.24721 7.80419
1.24878 7.81275
1.25035 7.77692
1.25192 7.79063
1.2535 7.82776
1.25507 7.82976
1.25664 7.68647
1.25821 7.71738
1.25978 7.81226
1.26135 7.82454
1.26292 7.77171
1.26449 7.79239
1.26606 7.84551
1.26763 7.83174
1.2692 7.70914
1.27077 7.73159
1.27235 7.80078
1.27392 7.80823
1.27549 7.76266
1.27706 7.7786
1.27863 7.8129
1.2802 7.8066
1.28177 7.65049
1.28334 7.67876
1.28491 7.77609
1.28648 7.79114
1.28805 7.73342
1.28962 7.75415
1.29119 7.80892
1.29277 7.79421
1.29434 7.66438
1.29591 7.68812
1.29748 7.75999
1.29905 7.76613
1.30062 7.72145
1.30219 7.7353
1.30376 7.77382
1.30533 7.7726
1.3069 7.57446
1.30847 7.60939
1.31004 7.72899
1.31161 7.74427
1.31319 7.68207
1.31476 7.71199
1.31633 7.76746
1.3179 7.74523
1.31947 7.61017
1.32104 7.64037
1.32261 7.72945
1.32418 7.74504
1.32575 7.7075
1.32732 7.73547
1.32889 7.78083
1.33046 7.78131
1.33204 7.57613
1.33361 7.61681
1.33518 7.75076
1.33675 7.7725
1.33832 7.69992
1.33989 7.72948
1.34146 7.80355
1.34303 7.78484
1.3446 7.62938
1.34617 7.66168
1.34774 7.74956
1.34931 7.7594
1.35088 7.70904
1.35246 7.73119
1.35403 7.77722
1.3556 7.77543
1.35717 7.54311
1.35874 7.58075
1.36031 7.72105
1.36188 7.73795
1.36345 7.64894
1.36502 7.6789
1.36659 7.75777
1.36816 7.73391
1.36973 7.54292
1.37131 7.57618
1.37288 7.67655
1.37445 7.69286
1.37602 7.63433
1.37759 7.66541
1.37916 7.71283
1.38073 7.70711
1.3823 7.46075
1.38387 7.50259
1.38544 7.65654
1.38701 7.68393
1.38858 7.59754
1.39015 7.63359
1.39173 7.72166
1.3933 7.70196
1.39487 7.50153
1.39644 7.53772
1.39801 7.64961
1.39958 7.6705
1.40115 7.61789
1.40272 7.65369
1.40429 7.70776
1.40586 7.71035
1.40743 7.36421
1.409 7.419
1.41058 7.62664
1.41215 7.65985
1.41372 7.53847
1.41529 7.5838
1.41686 7.69633
1.41843 7.66865
1.42 7.43825
1.42157 7.48308
1.42314 7.6243
1.42471 7.65292
1.42628 7.58174
1.42785 7.62541
1.42942 7.69691
1.431 7.69813
1.43257 7.36016
1.43414 7.41006
1.43571 7.59888
1.43728 7.62635
1.43885 7.51049
1.44042 7.55562
1.44199 7.65652
1.44356 7.62972
1.44513 7.36058
1.4467 7.39746
1.44827 7.53354
1.44985 7.56107
1.45142 7.50319
1.45299 7.54412
1.45456 7.6014
1.45613 7.60057
1.4577 7.22625
1.45927 7.28018
1.46084 7.48526
1.46241 7.5214
1.46398 7.42249
1.46555 7.47821
1.46712 7.57902
1.46869 7.55585
1.47027 7.23198
1.47184 7.28648
1.47341 7.44162
1.47498 7.48868
1.47655 7.44915
1.47812 7.51522
1.47969 7.57177
1.48126 7.5813
1.48283 7.17076
1.4844 7.23869
1.48597 7.46545
1.48754 7.51763
1.48911 7.43489
1.49069 7.50668
1.49226 7.60396
1.49383 7.5914
1.4954 7.28734
1.49697 7.34423
1.49854 7.50086
1.50011 7.54722
1.50168 7.50809
1.50325 7.57248
1.50482 7.62356
1.50639 7.62689
1.50796 7.53063
1.50954 7.56076
1.51111 7.64451
1.51268 7.69638
1.51425 7.69491
1.51582 7.72856
1.51739 7.78474
1.51896 7.80659
1.52053 7.73855
1.5221 7.75962
1.52367 7.80092
1.52524 7.7937
1.52681 7.7592
1.52838 7.77642
1.52996 7.79907
1.53153 7.78007
1.5331 7.71684
1.53467 7.70963
1.53624 7.71635
1.53781 7.68883
1.53938 7.64171
1.54095 7.60701
1.54252 7.56237
1.54409 7.48675
1.54566 7.37397
1.54723 7.29026
1.54881 7.20344
1.55038 7.07729
1.55195 6.92374
1.55352 6.77022
1.55509 6.60244
1.55666 6.40354
1.55823 6.17877
1.5598 5.95193
1.56137 5.71305
1.56294 5.45175
1.56451 5.17554
1.56608 4.89164
1.56765 4.5964
1.56923 4.29159
