0 3.53006
0.0015708 3.84231
0.00314159 4.15667
0.00471239 4.4701
0.00628319 4.77965
0.00785398 5.08242
0.00942478 5.37569
0.0109956 5.65697
0.0125664 5.92408
0.0141372 6.17503
0.015708 6.40861
0.0172788 6.62386
0.0188496 6.8198
0.0204204 6.99624
0.0219911 7.15345
0.0235619 7.29197
0.0251327 7.41249
0.0267035 7.51594
0.0282743 7.60361
0.0298451 7.67704
0.0314159 7.73687
0.0329867 7.78595
0.0345575 7.82483
0.0361283 7.85499
0.0376991 7.87798
0.0392699 7.89504
0.0408407 7.90661
0.0424115 7.9158
0.0439823 7.92119
0.0455531 7.92477
0.0471239 7.92733
0.0486947 7.92841
0.0502655 7.92867
0.0518363 7.92921
0.0534071 7.92996
0.0549779 7.92997
0.0565487 7.93133
0.0581195 7.9325
0.0596903 7.93397
0.0612611 7.9369
0.0628319 7.93941
0.0644026 7.94257
0.0659734 7.946
0.0675442 7.94934
0.069115 7.95315
0.0706858 7.95772
0.0722566 7.96179
0.0738274 7.96602
0.0753982 7.97007
0.076969 7.97414
0.0785398 7.97847
0.0801106 7.9821
0.0816814 7.98593
0.0832522 7.98941
0.084823 7.99314
0.0863938 7.9959
0.0879646 7.99868
0.0895354 8.00135
0.0911062 8.00419
0.092677 8.00667
0.0942478 8.00912
0.0958186 8.01147
0.0973894 8.01383
0.0989602 8.01532
0.100531 8.01573
0.102102 8.01717
0.103673 8.02022
0.105243 8.0221
0.106814 8.02283
0.108385 8.02417
0.109956 8.02593
0.111527 8.02762
0.113097 8.02686
0.114668 8.02783
0.116239 8.0298
0.11781 8.03028
0.119381 8.02976
0.120951 8.02994
0.122522 8.03034
0.124093 8.03071
0.125664 8.0299
0.127235 8.03016
0.128805 8.03043
0.130376 8.0306
0.131947 8.03
0.133518 8.03021
0.135088 8.03089
0.136659 8.03081
0.13823 8.02994
0.139801 8.03049
0.141372 8.0312
0.142942 8.03184
0.144513 8.03189
0.146084 8.03216
0.147655 8.03276
0.149226 8.03351
0.150796 8.0328
0.152367 8.03317
0.153938 8.03401
0.155509 8.03424
0.15708 8.03404
0.15865 8.03475
0.160221 8.03512
0.161792 8.03518
0.163363 8.03411
0.164934 8.03485
0.166504 8.03579
0.168075 8.03553
0.169646 8.0356
0.171217 8.03634
0.172788 8.03709
0.174358 8.03711
0.175929 8.03631
0.1775 8.03674
0.179071 8.03809
0.180642 8.03866
0.182212 8.03888
0.183783 8.03979
0.185354 8.04041
0.186925 8.04012
0.188496 8.03889
0.190066 8.03934
0.191637 8.04016
0.193208 8.03983
0.194779 8.03891
0.19635 8.03853
0.19792 8.03887
0.199491 8.03869
0.201062 8.03652
0.202633 8.03604
0.204204 8.0359
0.205774 8.03511
0.207345 8.03365
0.208916 8.0327
0.210487 8.03144
0.212058 8.03014
0.213628 8.02654
0.215199 8.0255
0.21677 8.02491
0.218341 8.02316
0.219911 8.02089
0.221482 8.01945
0.223053 8.01845
0.224624 8.01704
0.226195 8.01383
0.227765 8.01317
0.229336 8.01302
0.230907 8.01233
0.232478 8.01117
0.234049 8.0116
0.235619 8.01178
0.23719 8.01116
0.238761 8.00884
0.240332 8.00938
0.241903 8.01138
0.243473 8.01243
0.245044 8.01169
0.246615 8.01303
0.248186 8.01504
0.249757 8.01573
0.251327 8.01418
0.252898 8.01569
0.254469 8.0182
0.25604 8.01917
0.257611 8.01972
0.259181 8.02069
0.260752 8.0217
0.262323 8.02154
0.263894 8.01871
0.265465 8.01945
0.267035 8.02078
0.268606 8.02046
0.270177 8.01855
0.271748 8.01858
0.273319 8.01917
0.274889 8.01863
0.27646 8.01579
0.278031 8.01559
0.279602 8.01737
0.281173 8.01734
0.282743 8.01682
0.284314 8.01756
0.285885 8.0182
0.287456 8.01778
0.289027 8.01515
0.290597 8.01586
0.292168 8.01819
0.293739 8.01898
0.29531 8.01816
0.296881 8.01853
0.298451 8.02001
0.300022 8.0208
0.301593 8.01787
0.303164 8.019
0.304734 8.02073
0.306305 8.02116
0.307876 8.02062
0.309447 8.02173
0.311018 8.02273
0.312588 8.02186
0.314159 8.01798
0.31573 8.0189
0.317301 8.02134
0.318872 8.02118
0.320442 8.01953
0.322013 8.01996
0.323584 8.02142
0.325155 8.02151
0.326726 8.01773
0.328296 8.01896
0.329867 8.02182
0.331438 8.02235
0.333009 8.02209
0.33458 8.02354
0.33615 8.02465
0.337721 8.02445
0.339292 8.02008
0.340863 8.02145
0.342434 8.02493
0.344004 8.02494
0.345575 8.02295
0.347146 8.02438
0.348717 8.02624
0.350288 8.02613
0.351858 8.02159
0.353429 8.02297
0.355 8.02616
0.356571 8.02645
0.358142 8.02565
0.359712 8.02664
0.361283 8.02776
0.362854 8.02708
0.364425 8.0222
0.365996 8.02274
0.367566 8.02647
0.369137 8.02619
0.370708 8.0238
0.372279 8.02373
0.37385 8.02559
0.37542 8.02593
0.376991 8.02034
0.378562 8.02127
0.380133 8.02492
0.381704 8.02494
0.383274 8.02365
0.384845 8.02445
0.386416 8.02565
0.387987 8.02401
0.389557 8.01744
0.391128 8.01907
0.392699 8.02315
0.39427 8.02278
0.395841 8.01913
0.397411 8.01983
0.398982 8.022
0.400553 8.02142
0.402124 8.01516
0.403695 8.01643
0.405265 8.0203
0.406836 8.02029
0.408407 8.01875
0.409978 8.01977
0.411549 8.02097
0.413119 8.01893
0.41469 8.01222
0.416261 8.01389
0.417832 8.01827
0.419403 8.01732
0.420973 8.01342
0.422544 8.01425
0.424115 8.01679
0.425686 8.01579
0.427257 8.00812
0.428827 8.00918
0.430398 8.01411
0.431969 8.01457
0.43354 8.0124
0.435111 8.014
0.436681 8.01526
0.438252 8.0136
0.439823 8.00587
0.441394 8.00713
0.442965 8.01272
0.444535 8.01256
0.446106 8.00893
0.447677 8.01044
0.449248 8.01317
0.450819 8.01246
0.452389 8.0053
0.45396 8.00757
0.455531 8.01259
0.457102 8.0137
0.458673 8.01327
0.460243 8.0156
0.461814 8.01781
0.463385 8.01723
0.464956 8.00994
0.466527 8.01168
0.468097 8.01695
0.469668 8.0168
0.471239 8.01346
0.47281 8.01394
0.47438 8.0166
0.475951 8.01619
0.477522 8.00836
0.479093 8.01006
0.480664 8.01527
0.482234 8.01638
0.483805 8.01441
0.485376 8.0159
0.486947 8.01733
0.488518 8.01568
0.490088 8.00812
0.491659 8.00961
0.49323 8.01488
0.494801 8.01526
0.496372 8.01105
0.497942 8.01083
0.499513 8.01472
0.501084 8.01467
0.502655 8.00653
0.504226 8.0086
0.505796 8.01533
0.507367 8.01679
0.508938 8.01536
0.510509 8.01758
0.51208 8.02015
0.51365 8.01947
0.515221 8.01169
0.516792 8.0146
0.518363 8.02131
0.519934 8.02189
0.521504 8.01731
0.523075 8.01959
0.524646 8.02427
0.526217 8.02399
0.527788 8.01427
0.529358 8.01774
0.530929 8.02317
0.5325 8.02499
0.534071 8.02229
0.535642 8.02446
0.537212 8.02664
0.538783 8.0249
0.540354 8.01421
0.541925 8.01663
0.543496 8.02317
0.545066 8.02227
0.546637 8.01617
0.548208 8.01717
0.549779 8.02125
0.55135 8.02023
0.55292 8.00869
0.554491 8.01054
0.556062 8.01727
0.557633 8.01886
0.559203 8.01607
0.560774 8.01829
0.562345 8.02144
0.563916 8.01976
0.565487 8.00768
0.567057 8.00999
0.568628 8.01839
0.570199 8.01854
0.57177 8.01342
0.573341 8.0143
0.574911 8.01899
0.576482 8.01906
0.578053 8.00508
0.579624 8.00892
0.581195 8.01917
0.582765 8.02127
0.584336 8.01632
0.585907 8.02022
0.587478 8.02357
0.589049 8.02203
0.590619 8.00891
0.59219 8.01228
0.593761 8.02146
0.595332 8.02131
0.596903 8.01438
0.598473 8.01426
0.600044 8.01938
0.601615 8.01956
0.603186 8.0026
0.604757 8.00756
0.606327 8.01604
0.607898 8.01767
0.609469 8.01271
0.61104 8.01463
0.612611 8.01886
0.614181 8.01781
0.615752 8.00075
0.617323 8.0045
0.618894 8.01518
0.620465 8.01438
0.622035 8.00681
0.623606 8.00792
0.625177 8.01413
0.626748 8.01351
0.628319 7.99384
0.629889 7.9992
0.63146 8.01133
0.633031 8.01398
0.634602 8.00799
0.636173 8.01126
0.637743 8.01714
0.639314 8.01434
0.640885 7.99535
0.642456 7.9999
0.644026 8.01267
0.645597 8.01251
0.647168 8.00295
0.648739 8.00333
0.65031 8.01036
0.65188 8.01102
0.653451 7.98728
0.655022 7.99436
0.656593 8.0079
0.658164 8.01031
0.659734 8.00285
0.661305 8.0066
0.662876 8.01312
0.664447 8.01036
0.666018 7.98958
0.667588 7.994
0.669159 8.00718
0.67073 8.00697
0.672301 7.99754
0.673872 7.99443
0.675442 8.00378
0.677013 8.00429
0.678584 7.97601
0.680155 7.98242
0.681726 8.00086
0.683296 8.00315
0.684867 7.99283
0.686438 7.99571
0.688009 8.0052
0.68958 8.00219
0.69115 7.97735
0.692721 7.98229
0.694292 7.99815
0.695863 7.99949
0.697434 7.98881
0.699004 7.98775
0.700575 7.99631
0.702146 7.99811
0.703717 7.96546
0.705288 7.97464
0.706858 7.99314
0.708429 7.99659
0.71 7.98689
0.711571 7.99156
0.713142 8.00004
0.714712 7.99799
0.716283 7.96948
0.717854 7.97686
0.719425 7.99544
0.720996 7.99548
0.722566 7.98383
0.724137 7.98648
0.725708 7.99686
0.727279 7.99597
0.728849 7.95645
0.73042 7.96715
0.731991 7.99167
0.733562 7.99526
0.735133 7.98128
0.736703 7.98589
0.738274 8.00001
0.739845 7.99459
0.741416 7.95905
0.742987 7.96715
0.744557 7.98966
0.746128 7.99004
0.747699 7.97467
0.74927 7.97688
0.750841 7.98888
0.752411 7.98898
0.753982 7.944
0.755553 7.95592
0.757124 7.98507
0.758695 7.98975
0.760265 7.97289
0.761836 7.98019
0.763407 7.99623
0.764978 7.99129
0.766549 7.95125
0.768119 7.96159
0.76969 7.98618
0.771261 7.98762
0.772832 7.97089
0.774403 7.97255
0.775973 7.98573
0.777544 7.98618
0.779115 7.92694
0.780686 7.94077
0.782257 7.97872
0.783827 7.98351
0.785398 7.9596
0.786969 7.96739
0.78854 7.98791
0.790111 7.98035
0.791681 7.9284
0.793252 7.94075
0.794823 7.97328
0.796394 7.97424
0.797965 7.95298
0.799535 7.95785
0.801106 7.97563
0.802677 7.9742
0.804248 7.89255
0.805819 7.91075
0.807389 7.96178
0.80896 7.96596
0.810531 7.9366
0.812102 7.94403
0.813672 7.96949
0.815243 7.96504
0.816814 7.89821
0.818385 7.91473
0.819956 7.95716
0.821526 7.96036
0.823097 7.93155
0.824668 7.94117
0.826239 7.96476
0.82781 7.96304
0.82938 7.85853
0.830951 7.88047
0.832522 7.94398
0.834093 7.95074
0.835664 7.9104
0.837234 7.91998
0.838805 7.954
0.840376 7.94622
0.841947 7.86017
0.843518 7.88159
0.845088 7.93618
0.846659 7.94017
0.84823 7.90586
0.849801 7.91824
0.851372 7.94807
0.852942 7.947
0.854513 7.81664
0.856084 7.84397
0.857655 7.9188
0.859226 7.92716
0.860796 7.87795
0.862367 7.89487
0.863938 7.93714
0.865509 7.92201
0.86708 7.80282
0.86865 7.82359
0.870221 7.88989
0.871792 7.89951
0.873363 7.86412
0.874934 7.87611
0.876504 7.90744
0.878075 7.90677
0.879646 7.70741
0.881217 7.73946
0.882788 7.85269
0.884358 7.86792
0.885929 7.79883
0.8875 7.82548
0.889071 7.88059
0.890642 7.85778
0.892212 7.68871
0.893783 7.72565
0.895354 7.82579
0.896925 7.84603
0.898495 7.79551
0.900066 7.82106
0.901637 7.86821
0.903208 7.87033
0.904779 7.67407
0.906349 7.70478
0.90792 7.86231
0.909491 7.89354
0.911062 7.81253
0.912633 7.82099
0.914203 7.90712
0.915774 7.90774
0.917345 7.78986
0.918916 7.81793
0.920487 7.90034
0.922057 7.90706
0.923628 7.85916
0.925199 7.87691
0.92677 7.92361
0.928341 7.9256
0.929911 7.80697
0.931482 7.83381
0.933053 7.91112
0.934624 7.92414
0.936195 7.88375
0.937765 7.90091
0.939336 7.94361
0.940907 7.93546
0.942478 7.8463
0.944049 7.86799
0.945619 7.92421
0.94719 7.92915
0.948761 7.89648
0.950332 7.90548
0.951903 7.93469
0.953473 7.9386
0.955044 7.81951
0.956615 7.84611
0.958186 7.92127
0.959757 7.92821
0.961327 7.88552
0.962898 7.90124
0.964469 7.94202
0.96604 7.92788
0.967611 7.8317
0.969181 7.85347
0.970752 7.91255
0.972323 7.91933
0.973894 7.88447
0.975465 7.89895
0.977035 7.9287
0.978606 7.92576
0.980177 7.80715
0.981748 7.83304
0.983319 7.90959
0.984889 7.92194
0.98646 7.8808
0.988031 7.8969
0.989602 7.93796
0.991172 7.92889
0.992743 7.83468
0.994314 7.85611
0.995885 7.91517
0.997456 7.9209
0.999026 7.88494
1.0006 7.89643
1.00217 7.92803
1.00374 7.92801
1.00531 7.80483
1.00688 7.83196
1.00845 7.91256
1.01002 7.92252
1.01159 7.87778
1.01316 7.89355
1.01473 7.93758
1.01631 7.9258
1.01788 7.82639
1.01945 7.84853
1.02102 7.9053
1.02259 7.91272
1.02416 7.87942
1.02573 7.88704
1.0273 7.91768
1.02887 7.92041
1.03044 7.79376
1.03201 7.82117
1.03358 7.9035
1.03515 7.9048
1.03673 7.87126
1.0383 7.89288
1.03987 7.93518
1.04144 7.91778
1.04301 7.81449
1.04458 7.83742
1.04615 7.89745
1.04772 7.90491
1.04929 7.87252
1.05086 7.88169
1.05243 7.90977
1.054 7.90931
1.05558 7.77992
1.05715 7.81007
1.05872 7.89387
1.06029 7.90905
1.06186 7.86273
1.06343 7.87874
1.065 7.9274
1.06657 7.92154
1.06814 7.81132
1.06971 7.83335
1.07128 7.90442
1.07285 7.90926
1.07442 7.86744
1.076 7.88128
1.07757 7.91784
1.07914 7.91511
1.08071 7.77623
1.08228 7.80535
1.08385 7.89612
1.08542 7.91114
1.08699 7.86174
1.08856 7.87763
1.09013 7.92595
1.0917 7.91915
1.09327 7.82079
1.09485 7.84763
1.09642 7.9091
1.09799 7.9129
1.09956 7.87329
1.10113 7.88774
1.1027 7.92405
1.10427 7.9243
1.10584 7.79674
1.10741 7.82657
1.10898 7.90738
1.11055 7.91859
1.11212 7.8745
1.11369 7.89064
1.11527 7.93559
1.11684 7.92462
1.11841 7.8241
1.11998 7.84287
1.12155 7.90255
1.12312 7.90705
1.12469 7.8723
1.12626 7.88033
1.12783 7.90909
1.1294 7.91176
1.13097 7.78324
1.13254 7.81199
1.13411 7.89732
1.13569 7.90903
1.13726 7.86373
1.13883 7.88252
1.1404 7.93135
1.14197 7.91587
1.14354 7.81243
1.14511 7.83389
1.14668 7.8952
1.14825 7.90081
1.14982 7.86431
1.15139 7.87615
1.15296 7.90665
1.15454 7.9072
1.15611 7.77176
1.15768 7.80324
1.15925 7.89128
1.16082 7.90474
1.16239 7.85595
1.16396 7.87403
1.16553 7.92359
1.1671 7.91771
1.16867 7.80412
1.17024 7.82589
1.17181 7.89579
1.17338 7.90038
1.17496 7.85711
1.17653 7.87346
1.1781 7.9089
1.17967 7.90588
1.18124 7.76
1.18281 7.79101
1.18438 7.88583
1.18595 7.90078
1.18752 7.85314
1.18909 7.86993
1.19066 7.92175
1.19223 7.91289
1.19381 7.81144
1.19538 7.83853
1.19695 7.90238
1.19852 7.90702
1.20009 7.8659
1.20166 7.88144
1.20323 7.91878
1.2048 7.91846
1.20637 7.77009
1.20794 7.80121
1.20951 7.8988
1.21108 7.91101
1.21265 7.85736
1.21423 7.87298
1.2158 7.92751
1.21737 7.91194
1.21894 7.8018
1.22051 7.82625
1.22208 7.89245
1.22365 7.89764
1.22522 7.85673
1.22679 7.87141
1.22836 7.90721
1.22993 7.90383
1.2315 7.76581
1.23308 7.79588
1.23465 7.88602
1.23622 7.9013
1.23779 7.85162
1.23936 7.87282
1.24093 7.92533
1.2425 7.91079
1.24407 7.80594
1.24564 7.83027
1.24721 7.89042
1.24878 7.89661
1.25035 7.86066
1.25192 7.87163
1.2535 7.90356
1.25507 7.90539
1.25664 7.75238
1.25821 7.78355
1.25978 7.88336
1.26135 7.89926
1.26292 7.84315
1.26449 7.86182
1.26606 7.91843
1.26763 7.90519
1.2692 7.79273
1.27077 7.81626
1.27235 7.8824
1.27392 7.89122
1.27549 7.84986
1.27706 7.86044
1.27863 7.89541
1.2802 7.89822
1.28177 7.75625
1.28334 7.78822
1.28491 7.88072
1.28648 7.89869
1.28805 7.84646
1.28962 7.86618
1.29119 7.91917
1.29277 7.91348
1.29434 7.80208
1.29591 7.82688
1.29748 7.8922
1.29905 7.89699
1.30062 7.855
1.30219 7.86785
1.30376 7.90248
1.30533 7.90049
1.3069 7.74583
1.30847 7.77704
1.31004 7.88017
1.31161 7.89788
1.31319 7.83586
1.31476 7.85636
1.31633 7.91775
1.3179 7.89928
1.31947 7.7837
1.32104 7.80873
1.32261 7.87978
1.32418 7.88207
1.32575 7.84123
1.32732 7.85858
1.32889 7.89415
1.33046 7.89138
1.33204 7.74135
1.33361 7.77276
1.33518 7.87075
1.33675 7.89076
1.33832 7.83306
1.33989 7.85362
1.34146 7.91252
1.34303 7.89934
1.3446 7.78312
1.34617 7.80821
1.34774 7.87668
1.34931 7.88126
1.35088 7.84052
1.35246 7.85554
1.35403 7.89159
1.3556 7.89069
1.35717 7.72232
1.35874 7.75593
1.36031 7.86778
1.36188 7.8852
1.36345 7.81751
1.36502 7.84168
1.36659 7.90444
1.36816 7.88625
1.36973 7.75372
1.37131 7.77843
1.37288 7.85649
1.37445 7.86183
1.37602 7.81942
1.37759 7.83361
1.37916 7.87165
1.38073 7.86869
1.3823 7.69252
1.38387 7.73016
1.38544 7.84221
1.38701 7.86462
1.38858 7.79779
1.39015 7.82115
1.39173 7.88706
1.3933 7.88068
1.39487 7.74014
1.39644 7.76775
1.39801 7.8469
1.39958 7.85304
1.40115 7.806
1.40272 7.82381
1.40429 7.86578
1.40586 7.86189
1.40743 7.645
1.409 7.68305
1.41058 7.8295
1.41215 7.85116
1.41372 7.7621
1.41529 7.78939
1.41686 7.87035
1.41843 7.84947
1.42 7.69747
1.42157 7.72988
1.42314 7.82225
1.42471 7.83192
1.42628 7.78154
1.42785 7.80511
1.42942 7.85202
1.431 7.85045
1.43257 7.64217
1.43414 7.6817
1.43571 7.81709
1.43728 7.83775
1.43885 7.75848
1.44042 7.78656
1.44199 7.86565
1.44356 7.85217
1.44513 7.6769
1.4467 7.70631
1.44827 7.80262
1.44985 7.81294
1.45142 7.76187
1.45299 7.78553
1.45456 7.82844
1.45613 7.82681
1.4577 7.57693
1.45927 7.62284
1.46084 7.78169
1.46241 7.80929
1.46398 7.71065
1.46555 7.74076
1.46712 7.83702
1.46869 7.8261
1.47027 7.62024
1.47184 7.65925
1.47341 7.7799
1.47498 7.79857
1.47655 7.73562
1.47812 7.76908
1.47969 7.82662
1.48126 7.82461
1.48283 7.57244
1.4844 7.62029
1.48597 7.78828
1.48754 7.81972
1.48911 7.72489
1.49069 7.75933
1.49226 7.85672
1.49383 7.84532
1.4954 7.684
1.49697 7.72103
1.49854 7.82323
1.50011 7.83761
1.50168 7.78239
1.50325 7.80932
1.50482 7.86638
1.50639 7.86933
1.50796 7.64121
1.50954 7.68006
1.51111 7.82248
1.51268 7.84282
1.51425 7.76237
1.51582 7.79825
1.51739 7.86696
1.51896 7.83859
1.52053 7.69594
1.5221 7.72604
1.52367 7.81326
1.52524 7.82346
1.52681 7.77881
1.52838 7.79861
1.52996 7.83045
1.53153 7.81686
1.5331 7.63535
1.53467 7.64844
1.53624 7.72647
1.53781 7.71332
1.53938 7.61208
1.54095 7.5868
1.54252 7.5884
1.54409 7.50651
1.54566 7.29465
1.54723 7.22068
1.54881 7.17777
1.55038 7.05922
1.55195 6.87859
1.55352 6.73252
1.55509 6.58171
1.55666 6.37929
1.55823 6.07177
1.5598 5.8617
1.56137 5.67547
1.56294 5.42638
1.56451 5.11964
1.56608 4.84571
1.56765 4.57974
1.56923 4.27836
0 3.5301
0.0015708 3.84233
0.00314159 4.15667
0.00471239 4.4701
0.00628319 4.77952
0.00785398 5.08226
0.00942478 5.37569
0.0109956 5.65225
0.0125664 5.91907
0.0141372 6.17041
0.015708 6.40853
0.0172788 6.62345
0.0188496 6.8198
0.0204204 6.99636
0.0219911 7.15358
0.0235619 7.29197
0.0251327 7.41256
0.0267035 7.51602
0.0282743 7.60378
0.0298451 7.67697
0.0314159 7.73671
0.0329867 7.78434
0.0345575 7.8249
0.0361283 7.85488
0.0376991 7.87774
0.0392699 7.89492
0.0408407 7.90701
0.0424115 7.91584
0.0439823 7.92161
0.0455531 7.92526
0.0471239 7.9273
0.0486947 7.92842
0.0502655 7.92858
0.0518363 7.92903
0.0534071 7.92949
0.0549779 7.93006
0.0565487 7.93144
0.0581195 7.93246
0.0596903 7.93416
0.0612611 7.93668
0.0628319 7.93857
0.0644026 7.94176
0.0659734 7.94509
0.0675442 7.94925
0.069115 7.95237
0.0706858 7.95645
0.0722566 7.9614
0.0738274 7.96561
0.0753982 7.96977
0.076969 7.97426
0.0785398 7.97848
0.0801106 7.98259
0.0816814 7.98617
0.0832522 7.98975
0.084823 7.99302
0.0863938 7.99629
0.0879646 7.99878
0.0895354 8.00067
0.0911062 8.00403
0.092677 8.00703
0.0942478 8.00897
0.0958186 8.01129
0.0973894 8.01323
0.0989602 8.01559
0.100531 8.0149
0.102102 8.01699
0.103673 8.02034
0.105243 8.02232
0.106814 8.02237
0.108385 8.02366
0.109956 8.02593
0.111527 8.02675
0.113097 8.02568
0.114668 8.02704
0.116239 8.02929
0.11781 8.02964
0.119381 8.02908
0.120951 8.0291
0.122522 8.03033
0.124093 8.03072
0.125664 8.02957
0.127235 8.02977
0.128805 8.03011
0.130376 8.03056
0.131947 8.03048
0.133518 8.03068
0.135088 8.03132
0.136659 8.03125
0.13823 8.03019
0.139801 8.03039
0.141372 8.03175
0.142942 8.03203
0.144513 8.03176
0.146084 8.03236
0.147655 8.03316
0.149226 8.03378
0.150796 8.03295
0.152367 8.03359
0.153938 8.03399
0.155509 8.03454
0.15708 8.03439
0.15865 8.03502
0.160221 8.03537
0.161792 8.0354
0.163363 8.03379
0.164934 8.03444
0.166504 8.03608
0.168075 8.03601
0.169646 8.03553
0.171217 8.03589
0.172788 8.03643
0.174358 8.03752
0.175929 8.0366
0.1775 8.03711
0.179071 8.03828
0.180642 8.03875
0.182212 8.03861
0.183783 8.03951
0.185354 8.04
0.186925 8.04004
0.188496 8.03829
0.190066 8.03892
0.191637 8.04003
0.193208 8.04
0.194779 8.03887
0.19635 8.03842
0.19792 8.03893
0.199491 8.03841
0.201062 8.03597
0.202633 8.03572
0.204204 8.03599
0.205774 8.03524
0.207345 8.03372
0.208916 8.03296
0.210487 8.03173
0.212058 8.02975
0.213628 8.02615
0.215199 8.02533
0.21677 8.02498
0.218341 8.02322
0.219911 8.0207
0.221482 8.01931
0.223053 8.01861
0.224624 8.01698
0.226195 8.01401
0.227765 8.01295
0.229336 8.01324
0.230907 8.01256
0.232478 8.01151
0.234049 8.01138
0.235619 8.01158
0.23719 8.01151
0.238761 8.00938
0.240332 8.01019
0.241903 8.01228
0.243473 8.01264
0.245044 8.01237
0.246615 8.01354
0.248186 8.01484
0.249757 8.01574
0.251327 8.01424
0.252898 8.0158
0.254469 8.01865
0.25604 8.01965
0.257611 8.01922
0.259181 8.02033
0.260752 8.02148
0.262323 8.02119
0.263894 8.01814
0.265465 8.01871
0.267035 8.02081
0.268606 8.02043
0.270177 8.01808
0.271748 8.01817
0.273319 8.01885
0.274889 8.01836
0.27646 8.01506
0.278031 8.01543
0.279602 8.01726
0.281173 8.01754
0.282743 8.01693
0.284314 8.01727
0.285885 8.01782
0.287456 8.01736
0.289027 8.01423
0.290597 8.01552
0.292168 8.01849
0.293739 8.01901
0.29531 8.01781
0.296881 8.01855
0.298451 8.02036
0.300022 8.02057
0.301593 8.01774
0.303164 8.01883
0.304734 8.02115
0.306305 8.02183
0.307876 8.02092
0.309447 8.02153
0.311018 8.02236
0.312588 8.02162
0.314159 8.01797
0.31573 8.01888
0.317301 8.02128
0.318872 8.02153
0.320442 8.01959
0.322013 8.01965
0.323584 8.02126
0.325155 8.02158
0.326726 8.01791
0.328296 8.01904
0.329867 8.02201
0.331438 8.02272
0.333009 8.02179
0.33458 8.02339
0.33615 8.02481
0.337721 8.02429
0.339292 8.02035
0.340863 8.02199
0.342434 8.02518
0.344004 8.02567
0.345575 8.02349
0.347146 8.02424
0.348717 8.02617
0.350288 8.0263
0.351858 8.02198
0.353429 8.02329
0.355 8.02626
0.356571 8.02705
0.358142 8.02548
0.359712 8.02711
0.361283 8.02787
0.362854 8.02686
0.364425 8.02105
0.365996 8.02255
0.367566 8.02646
0.369137 8.02599
0.370708 8.02328
0.372279 8.02416
0.37385 8.02573
0.37542 8.02456
0.376991 8.0192
0.378562 8.02045
0.380133 8.02419
0.381704 8.02432
0.383274 8.02316
0.384845 8.02442
0.386416 8.02528
0.387987 8.0241
0.389557 8.01805
0.391128 8.01972
0.392699 8.02343
0.39427 8.0229
0.395841 8.01939
0.397411 8.01979
0.398982 8.02262
0.400553 8.02179
0.402124 8.01454
0.403695 8.01651
0.405265 8.02045
0.406836 8.02028
0.408407 8.01892
0.409978 8.01984
0.411549 8.02066
0.413119 8.01909
0.41469 8.01267
0.416261 8.01354
0.417832 8.01725
0.419403 8.0175
0.420973 8.01396
0.422544 8.0134
0.424115 8.01545
0.425686 8.0153
0.427257 8.00831
0.428827 8.00967
0.430398 8.01411
0.431969 8.01449
0.43354 8.01285
0.435111 8.0141
0.436681 8.01532
0.438252 8.01369
0.439823 8.00687
0.441394 8.00874
0.442965 8.0137
0.444535 8.01333
0.446106 8.0097
0.447677 8.01049
0.449248 8.01301
0.450819 8.01321
0.452389 8.00609
0.45396 8.00823
0.455531 8.01247
0.457102 8.01471
0.458673 8.01361
0.460243 8.01564
0.461814 8.01767
0.463385 8.0166
0.464956 8.00877
0.466527 8.01079
0.468097 8.01688
0.469668 8.01635
0.471239 8.01241
0.47281 8.01383
0.47438 8.017
0.475951 8.01583
0.477522 8.00851
0.479093 8.01056
0.480664 8.01497
0.482234 8.01651
0.483805 8.01463
0.485376 8.01666
0.486947 8.01767
0.488518 8.0163
0.490088 8.00755
0.491659 8.0098
0.49323 8.01557
0.494801 8.01439
0.496372 8.01063
0.497942 8.01196
0.499513 8.01496
0.501084 8.01398
0.502655 8.00499
0.504226 8.00741
0.505796 8.0148
0.507367 8.01614
0.508938 8.01462
0.510509 8.01751
0.51208 8.01938
0.51365 8.01841
0.515221 8.0101
0.516792 8.01315
0.518363 8.02111
0.519934 8.0214
0.521504 8.01647
0.523075 8.01953
0.524646 8.02352
0.526217 8.02231
0.527788 8.01362
0.529358 8.01638
0.530929 8.0235
0.5325 8.02393
0.534071 8.02238
0.535642 8.02446
0.537212 8.02662
0.538783 8.02426
0.540354 8.01391
0.541925 8.01641
0.543496 8.02307
0.545066 8.02212
0.546637 8.01668
0.548208 8.01784
0.549779 8.02051
0.55135 8.01948
0.55292 8.00705
0.554491 8.00959
0.556062 8.01777
0.557633 8.01856
0.559203 8.01532
0.560774 8.01749
0.562345 8.02079
0.563916 8.01817
0.565487 8.0064
0.567057 8.00966
0.568628 8.0185
0.570199 8.01829
0.57177 8.01222
0.573341 8.0142
0.574911 8.01931
0.576482 8.01815
0.578053 8.00489
0.579624 8.00877
0.581195 8.01887
0.582765 8.02057
0.584336 8.01728
0.585907 8.02014
0.587478 8.0237
0.589049 8.02291
0.590619 8.00771
0.59219 8.01211
0.593761 8.02181
0.595332 8.02113
0.596903 8.01244
0.598473 8.0151
0.600044 8.02032
0.601615 8.01879
0.603186 8.00037
0.604757 8.00436
0.606327 8.01655
0.607898 8.01752
0.609469 8.01126
0.61104 8.0141
0.612611 8.01938
0.614181 8.01452
0.615752 7.99827
0.617323 8.00281
0.618894 8.0135
0.620465 8.01407
0.622035 8.00562
0.623606 8.00586
0.625177 8.01177
0.626748 8.01196
0.628319 7.99334
0.629889 7.99767
0.63146 8.01114
0.633031 8.01316
0.634602 8.00769
0.636173 8.012
0.637743 8.01816
0.639314 8.01526
0.640885 7.99506
0.642456 7.99919
0.644026 8.01159
0.645597 8.01184
0.647168 8.00324
0.648739 8.0042
0.65031 8.00951
0.65188 8.00944
0.653451 7.98576
0.655022 7.99242
0.656593 8.00692
0.658164 8.00849
0.659734 8.00096
0.661305 8.00416
0.662876 8.01153
0.664447 8.00864
0.666018 7.98655
0.667588 7.99208
0.669159 8.00648
0.67073 8.00619
0.672301 7.99462
0.673872 7.99604
0.675442 8.00455
0.677013 8.00347
0.678584 7.97335
0.680155 7.98027
0.681726 7.99964
0.683296 8.00182
0.684867 7.99124
0.686438 7.99444
0.688009 8.00388
0.68958 7.99982
0.69115 7.97341
0.692721 7.98119
0.694292 7.99922
0.695863 7.99824
0.697434 7.98437
0.699004 7.98815
0.700575 7.99875
0.702146 7.99512
0.703717 7.9591
0.705288 7.96824
0.706858 7.99194
0.708429 7.99406
0.71 7.98319
0.711571 7.98854
0.713142 7.999
0.714712 7.99269
0.716283 7.96402
0.717854 7.97133
0.719425 7.99169
0.720996 7.99266
0.722566 7.97944
0.724137 7.98071
0.725708 7.9918
0.727279 7.99258
0.728849 7.95659
0.73042 7.96668
0.731991 7.98917
0.733562 7.9928
0.735133 7.98096
0.736703 7.98795
0.738274 8.00088
0.739845 7.99514
0.741416 7.95898
0.742987 7.96575
0.744557 7.98791
0.746128 7.98904
0.747699 7.97551
0.74927 7.9763
0.750841 7.98573
0.752411 7.98547
0.753982 7.93591
0.755553 7.9509
0.757124 7.98169
0.758695 7.98626
0.760265 7.96867
0.761836 7.97533
0.763407 7.99195
0.764978 7.98778
0.766549 7.94603
0.768119 7.95782
0.76969 7.98425
0.771261 7.98472
0.772832 7.96619
0.774403 7.96977
0.775973 7.98461
0.777544 7.98489
0.779115 7.92069
0.780686 7.93544
0.782257 7.9762
0.783827 7.98033
0.785398 7.95568
0.786969 7.96177
0.78854 7.98318
0.790111 7.97654
0.791681 7.92148
0.793252 7.93645
0.794823 7.97122
0.796394 7.97172
0.797965 7.94812
0.799535 7.95482
0.801106 7.97443
0.802677 7.97166
0.804248 7.88791
0.805819 7.90653
0.807389 7.95901
0.80896 7.96559
0.810531 7.93167
0.812102 7.94066
0.813672 7.97055
0.815243 7.95997
0.816814 7.89026
0.818385 7.9054
0.819956 7.94782
0.821526 7.95372
0.823097 7.92625
0.824668 7.93172
0.826239 7.9516
0.82781 7.95438
0.82938 7.85759
0.830951 7.87874
0.832522 7.94104
0.834093 7.94876
0.835664 7.91137
0.837234 7.92638
0.838805 7.9616
0.840376 7.94841
0.841947 7.86248
0.843518 7.88232
0.845088 7.93023
0.846659 7.93716
0.84823 7.90691
0.849801 7.91549
0.851372 7.94026
0.852942 7.93955
0.854513 7.7937
0.856084 7.82068
0.857655 7.9062
0.859226 7.91632
0.860796 7.8606
0.862367 7.8792
0.863938 7.92436
0.865509 7.90416
0.86708 7.78084
0.86865 7.80567
0.870221 7.87666
0.871792 7.8883
0.873363 7.84862
0.874934 7.86881
0.876504 7.9017
0.878075 7.90006
0.879646 7.70826
0.881217 7.74245
0.882788 7.84626
0.884358 7.86217
0.885929 7.79854
0.8875 7.82397
0.889071 7.8778
0.890642 7.85976
0.892212 7.68823
0.893783 7.72308
0.895354 7.82258
0.896925 7.84099
0.898495 7.79485
0.900066 7.82248
0.901637 7.86171
0.903208 7.85945
0.904779 7.68432
0.906349 7.71881
0.90792 7.85375
0.909491 7.88232
0.911062 7.81387
0.912633 7.83786
0.914203 7.91729
0.915774 7.90507
0.917345 7.796
0.918916 7.82541
0.920487 7.89808
0.922057 7.90649
0.923628 7.86381
0.925199 7.88311
0.92677 7.92371
0.928341 7.92664
0.929911 7.80052
0.931482 7.83045
0.933053 7.91308
0.934624 7.92444
0.936195 7.88129
0.937765 7.90172
0.939336 7.94421
0.940907 7.92698
0.942478 7.83424
0.944049 7.85858
0.945619 7.91912
0.94719 7.92319
0.948761 7.8897
0.950332 7.90603
0.951903 7.93543
0.953473 7.93095
0.955044 7.82137
0.956615 7.84771
0.958186 7.91719
0.959757 7.92785
0.961327 7.89051
0.962898 7.91003
0.964469 7.94818
0.96604 7.93234
0.967611 7.84558
0.969181 7.86836
0.970752 7.9241
0.972323 7.92487
0.973894 7.89472
0.975465 7.91064
0.977035 7.93688
0.978606 7.93254
0.980177 7.81824
0.981748 7.84458
0.983319 7.91642
0.984889 7.92738
0.98646 7.88694
0.988031 7.90722
0.989602 7.94634
0.991172 7.92912
0.992743 7.83352
0.994314 7.85587
0.995885 7.91546
0.997456 7.91853
0.999026 7.88373
1.0006 7.90283
1.00217 7.93
1.00374 7.92331
1.00531 7.81396
1.00688 7.83815
1.00845 7.91103
1.01002 7.92067
1.01159 7.88602
1.01316 7.90698
1.01473 7.94676
1.01631 7.93138
1.01788 7.83728
1.01945 7.85813
1.02102 7.91242
1.02259 7.91566
1.02416 7.88821
1.02573 7.9019
1.0273 7.92584
1.02887 7.92259
1.03044 7.79564
1.03201 7.82326
1.03358 7.90769
1.03515 7.88076
1.03673 7.8715
1.0383 7.92368
1.03987 7.94395
1.04144 7.88844
1.04301 7.80906
1.04458 7.83467
1.04615 7.89005
1.04772 7.90092
1.04929 7.88099
1.05086 7.90036
1.05243 7.92483
1.054 7.92265
1.05558 7.80408
1.05715 7.83057
1.05872 7.91037
1.06029 7.92176
1.06186 7.88337
1.06343 7.90265
1.065 7.94461
1.06657 7.92588
1.06814 7.84149
1.06971 7.86723
1.07128 7.92327
1.07285 7.92755
1.07442 7.89249
1.076 7.91142
1.07757 7.94067
1.07914 7.93539
1.08071 7.81758
1.08228 7.84456
1.08385 7.92094
1.08542 7.92972
1.08699 7.88936
1.08856 7.90805
1.09013 7.94841
1.0917 7.92809
1.09327 7.83174
1.09485 7.85334
1.09642 7.91441
1.09799 7.91687
1.09956 7.88056
1.10113 7.90069
1.1027 7.92772
1.10427 7.91686
1.10584 7.80076
1.10741 7.82713
1.10898 7.90467
1.11055 7.91614
1.11212 7.87902
1.11369 7.8994
1.11527 7.94137
1.11684 7.92417
1.11841 7.82856
1.11998 7.8497
1.12155 7.90766
1.12312 7.90929
1.12469 7.87936
1.12626 7.8928
1.12783 7.91902
1.1294 7.91458
1.13097 7.80314
1.13254 7.82893
1.13411 7.90399
1.13569 7.91725
1.13726 7.87901
1.13883 7.90036
1.1404 7.94249
1.14197 7.92795
1.14354 7.83799
1.14511 7.86079
1.14668 7.91354
1.14825 7.9172
1.14982 7.88413
1.15139 7.89957
1.15296 7.92711
1.15454 7.92212
1.15611 7.79758
1.15768 7.8265
1.15925 7.90865
1.16082 7.92047
1.16239 7.87685
1.16396 7.89565
1.16553 7.94029
1.1671 7.92088
1.16867 7.83102
1.17024 7.8581
1.17181 7.91669
1.17338 7.91811
1.17496 7.88205
1.17653 7.90217
1.1781 7.93127
1.17967 7.9263
1.18124 7.80648
1.18281 7.83219
1.18438 7.91235
1.18595 7.92374
1.18752 7.88155
1.18909 7.90159
1.19066 7.94444
1.19223 7.92579
1.19381 7.82404
1.19538 7.84818
1.19695 7.90889
1.19852 7.91186
1.20009 7.87622
1.20166 7.89634
1.20323 7.92438
1.2048 7.91478
1.20637 7.79801
1.20794 7.8255
1.20951 7.90213
1.21108 7.9181
1.21265 7.88067
1.21423 7.90115
1.2158 7.94317
1.21737 7.92769
1.21894 7.83827
1.22051 7.86133
1.22208 7.91472
1.22365 7.91807
1.22522 7.88327
1.22679 7.89787
1.22836 7.92619
1.22993 7.92224
1.2315 7.78753
1.23308 7.81506
1.23465 7.90452
1.23622 7.91626
1.23779 7.86617
1.23936 7.88518
1.24093 7.93343
1.2425 7.91535
1.24407 7.81512
1.24564 7.83998
1.24721 7.90117
1.24878 7.90554
1.25035 7.86876
1.25192 7.88151
1.2535 7.91263
1.25507 7.90943
1.25664 7.79119
1.25821 7.81826
1.25978 7.89641
1.26135 7.91208
1.26292 7.87266
1.26449 7.8933
1.26606 7.92956
1.26763 7.90974
1.2692 7.82284
1.27077 7.84772
1.27235 7.90266
1.27392 7.90304
1.27549 7.87961
1.27706 7.89827
1.27863 7.9212
1.2802 7.91449
1.28177 7.7923
1.28334 7.81983
1.28491 7.90246
1.28648 7.91531
1.28805 7.87242
1.28962 7.89487
1.29119 7.93996
1.29277 7.91988
1.29434 7.81592
1.29591 7.84024
1.29748 7.89973
1.29905 7.90353
1.30062 7.86755
1.30219 7.88615
1.30376 7.91404
1.30533 7.90303
1.3069 7.78189
1.30847 7.81003
1.31004 7.89218
1.31161 7.90888
1.31319 7.86396
1.31476 7.88795
1.31633 7.93493
1.3179 7.91727
1.31947 7.82198
1.32104 7.84549
1.32261 7.89993
1.32418 7.90374
1.32575 7.87031
1.32732 7.88513
1.32889 7.91065
1.33046 7.90677
1.33204 7.76223
1.33361 7.79447
1.33518 7.88897
1.33675 7.90462
1.33832 7.84862
1.33989 7.86874
1.34146 7.92433
1.34303 7.90341
1.3446 7.79469
1.34617 7.82073
1.34774 7.88528
1.34931 7.89021
1.35088 7.85154
1.35246 7.86522
1.35403 7.8975
1.3556 7.89312
1.35717 7.75128
1.35874 7.7853
1.36031 7.87653
1.36188 7.89519
1.36345 7.84431
1.36502 7.8668
1.36659 7.91881
1.36816 7.90828
1.36973 7.7939
1.37131 7.8212
1.37288 7.88904
1.37445 7.8909
1.37602 7.85084
1.37759 7.8712
1.37916 7.90299
1.38073 7.89543
1.3823 7.73467
1.38387 7.7692
1.38544 7.87395
1.38701 7.88889
1.38858 7.82925
1.39015 7.85483
1.39173 7.91109
1.3933 7.8887
1.39487 7.76136
1.39644 7.79214
1.39801 7.86584
1.39958 7.87096
1.40115 7.8292
1.40272 7.85065
1.40429 7.88372
1.40586 7.87513
1.40743 7.72306
1.409 7.75583
1.41058 7.85943
1.41215 7.87756
1.41372 7.81847
1.41529 7.85011
1.41686 7.90852
1.41843 7.89001
1.42 7.75444
1.42157 7.77988
1.42314 7.85304
1.42471 7.85918
1.42628 7.81811
1.42785 7.83767
1.42942 7.87001
1.431 7.8615
1.43257 7.66128
1.43414 7.70091
1.43571 7.83689
1.43728 7.85778
1.43885 7.77682
1.44042 7.80737
1.44199 7.88645
1.44356 7.85861
1.44513 7.71056
1.4467 7.74362
1.44827 7.82934
1.44985 7.84061
1.45142 7.79414
1.45299 7.81483
1.45456 7.85782
1.45613 7.85467
1.4577 7.62381
1.45927 7.66933
1.46084 7.81511
1.46241 7.83512
1.46398 7.75511
1.46555 7.78074
1.46712 7.85654
1.46869 7.83861
1.47027 7.67558
1.47184 7.7174
1.47341 7.82094
1.47498 7.83062
1.47655 7.7823
1.47812 7.81724
1.47969 7.8683
1.48126 7.86217
1.48283 7.66104
1.4844 7.70593
1.48597 7.83755
1.48754 7.86063
1.48911 7.78436
1.49069 7.81919
1.49226 7.89757
1.49383 7.88231
1.4954 7.7426
1.49697 7.77747
1.49854 7.86439
1.50011 7.87339
1.50168 7.82672
1.50325 7.85372
1.50482 7.89532
1.50639 7.89243
1.50796 7.73453
1.50954 7.77047
1.51111 7.87076
1.51268 7.88427
1.51425 7.8331
1.51582 7.86151
1.51739 7.91162
1.51896 7.89441
1.52053 7.76706
1.5221 7.79254
1.52367 7.85627
1.52524 7.86204
1.52681 7.83164
1.52838 7.84161
1.52996 7.84905
1.53153 7.83426
1.5331 7.66117
1.53467 7.67293
1.53624 7.74954
1.53781 7.73236
1.53938 7.63297
1.54095 7.60915
1.54252 7.60556
1.54409 7.51405
1.54566 7.32755
1.54723 7.25492
1.54881 7.20449
1.55038 7.0831
1.55195 6.90553
1.55352 6.76187
1.55509 6.60575
1.55666 6.40321
1.55823 6.10306
1.5598 5.89213
1.56137 5.69537
1.56294 5.44242
1.56451 5.13901
1.56608 4.86312
1.56765 4.59106
1.56923 4.28436
0 3.5301
0.0015708 3.84233
0.00314159 4.15667
0.00471239 4.4701
0.00628319 4.77965
0.00785398 5.08216
0.00942478 5.37539
0.0109956 5.65697
0.0125664 5.92407
0.0141372 6.17515
0.015708 6.40877
0.0172788 6.62387
0.0188496 6.8198
0.0204204 6.99636
0.0219911 7.15365
0.0235619 7.29168
0.0251327 7.41227
0.0267035 7.51609
0.0282743 7.60378
0.0298451 7.67705
0.0314159 7.73675
0.0329867 7.78554
0.0345575 7.82403
0.0361283 7.85459
0.0376991 7.87762
0.0392699 7.89473
0.0408407 7.90719
0.0424115 7.91608
0.0439823 7.92159
0.0455531 7.92511
0.0471239 7.92692
0.0486947 7.92687
0.0502655 7.92718
0.0518363 7.92776
0.0534071 7.92906
0.0549779 7.9303
0.0565487 7.93111
0.0581195 7.93277
0.0596903 7.93426
0.0612611 7.93621
0.0628319 7.93881
0.0644026 7.94208
0.0659734 7.94566
0.0675442 7.94937
0.069115 7.95332
0.0706858 7.95761
0.0722566 7.96193
0.0738274 7.96562
0.0753982 7.97015
0.076969 7.97448
0.0785398 7.97864
0.0801106 7.98246
0.0816814 7.98616
0.0832522 7.98974
0.084823 7.99308
0.0863938 7.996
0.0879646 7.99854
0.0895354 8.00134
0.0911062 8.00435
0.092677 8.00663
0.0942478 8.00871
0.0958186 8.0107
0.0973894 8.01328
0.0989602 8.01527
0.100531 8.01437
0.102102 8.01647
0.103673 8.0196
0.105243 8.02211
0.106814 8.02198
0.108385 8.02312
0.109956 8.02585
0.111527 8.0275
0.113097 8.02613
0.114668 8.02737
0.116239 8.0294
0.11781 8.03005
0.119381 8.02895
0.120951 8.02925
0.122522 8.03021
0.124093 8.03007
0.125664 8.02902
0.127235 8.02911
0.128805 8.03022
0.130376 8.03044
0.131947 8.03019
0.133518 8.03057
0.135088 8.0309
0.136659 8.03122
0.13823 8.03055
0.139801 8.03124
0.141372 8.03216
0.142942 8.03199
0.144513 8.03195
0.146084 8.03237
0.147655 8.033
0.149226 8.03355
0.150796 8.03285
0.152367 8.0332
0.153938 8.03406
0.155509 8.03417
0.15708 8.03413
0.15865 8.03496
0.160221 8.03521
0.161792 8.03484
0.163363 8.0334
0.164934 8.03389
0.166504 8.03518
0.168075 8.0359
0.169646 8.03583
0.171217 8.03619
0.172788 8.03704
0.174358 8.03765
0.175929 8.03639
0.1775 8.03707
0.179071 8.03851
0.180642 8.03915
0.182212 8.03921
0.183783 8.03973
0.185354 8.0404
0.186925 8.04044
0.188496 8.0388
0.190066 8.03904
0.191637 8.04016
0.193208 8.04
0.194779 8.03913
0.19635 8.03893
0.19792 8.03903
0.199491 8.03857
0.201062 8.03651
0.202633 8.03615
0.204204 8.03596
0.205774 8.0354
0.207345 8.03384
0.208916 8.03304
0.210487 8.03204
0.212058 8.03043
0.213628 8.0273
0.215199 8.02591
0.21677 8.02524
0.218341 8.02354
0.219911 8.02073
0.221482 8.01942
0.223053 8.01873
0.224624 8.01673
0.226195 8.01352
0.227765 8.01279
0.229336 8.01285
0.230907 8.01221
0.232478 8.0116
0.234049 8.01134
0.235619 8.01132
0.23719 8.01088
0.238761 8.00897
0.240332 8.01
0.241903 8.01231
0.243473 8.01285
0.245044 8.01199
0.246615 8.01351
0.248186 8.01566
0.249757 8.01631
0.251327 8.01507
0.252898 8.01643
0.254469 8.01875
0.25604 8.01995
0.257611 8.01983
0.259181 8.02095
0.260752 8.02187
0.262323 8.0215
0.263894 8.01875
0.265465 8.01965
0.267035 8.02098
0.268606 8.02086
0.270177 8.01908
0.271748 8.01889
0.273319 8.01917
0.274889 8.0187
0.27646 8.01544
0.278031 8.01588
0.279602 8.01759
0.281173 8.01768
0.282743 8.01687
0.284314 8.01789
0.285885 8.0186
0.287456 8.01824
0.289027 8.01511
0.290597 8.01633
0.292168 8.01869
0.293739 8.01943
0.29531 8.01832
0.296881 8.01901
0.298451 8.02032
0.300022 8.02068
0.301593 8.01834
0.303164 8.01928
0.304734 8.02146
0.306305 8.02219
0.307876 8.02136
0.309447 8.02237
0.311018 8.02296
0.312588 8.02241
0.314159 8.01873
0.31573 8.01969
0.317301 8.02176
0.318872 8.02172
0.320442 8.01999
0.322013 8.02068
0.323584 8.02181
0.325155 8.02177
0.326726 8.01839
0.328296 8.01868
0.329867 8.02233
0.331438 8.02303
0.333009 8.02275
0.33458 8.02396
0.33615 8.02505
0.337721 8.02495
0.339292 8.02147
0.340863 8.02273
0.342434 8.02592
0.344004 8.02625
0.345575 8.02376
0.347146 8.02513
0.348717 8.02676
0.350288 8.02678
0.351858 8.02281
0.353429 8.02376
0.355 8.02709
0.356571 8.02749
0.358142 8.02632
0.359712 8.02739
0.361283 8.02832
0.362854 8.02717
0.364425 8.02209
0.365996 8.02321
0.367566 8.0269
0.369137 8.02651
0.370708 8.02427
0.372279 8.02487
0.37385 8.02631
0.37542 8.02542
0.376991 8.02052
0.378562 8.02191
0.380133 8.02516
0.381704 8.0256
0.383274 8.02403
0.384845 8.02452
0.386416 8.02617
0.387987 8.02491
0.389557 8.01901
0.391128 8.02023
0.392699 8.02384
0.39427 8.02337
0.395841 8.01863
0.397411 8.02036
0.398982 8.02218
0.400553 8.02233
0.402124 8.01643
0.403695 8.0174
0.405265 8.02094
0.406836 8.02128
0.408407 8.01939
0.409978 8.0205
0.411549 8.02149
0.413119 8.01975
0.41469 8.01261
0.416261 8.01348
0.417832 8.01821
0.419403 8.01779
0.420973 8.01395
0.422544 8.0145
0.424115 8.01638
0.425686 8.01517
0.427257 8.0088
0.428827 8.00936
0.430398 8.01396
0.431969 8.01472
0.43354 8.01295
0.435111 8.0139
0.436681 8.01549
0.438252 8.01366
0.439823 8.00703
0.441394 8.00892
0.442965 8.01396
0.444535 8.01368
0.446106 8.01031
0.447677 8.01146
0.449248 8.0142
0.450819 8.01363
0.452389 8.00671
0.45396 8.00851
0.455531 8.01401
0.457102 8.01542
0.458673 8.01395
0.460243 8.01605
0.461814 8.01807
0.463385 8.01641
0.464956 8.00961
0.466527 8.01116
0.468097 8.01781
0.469668 8.01777
0.471239 8.01356
0.47281 8.01409
0.47438 8.01649
0.475951 8.01647
0.477522 8.0096
0.479093 8.01106
0.480664 8.0163
0.482234 8.01741
0.483805 8.01528
0.485376 8.01693
0.486947 8.01872
0.488518 8.01707
0.490088 8.00846
0.491659 8.01
0.49323 8.01562
0.494801 8.01504
0.496372 8.01114
0.497942 8.01153
0.499513 8.0147
0.501084 8.01415
0.502655 8.00691
0.504226 8.00944
0.505796 8.01537
0.507367 8.01693
0.508938 8.0153
0.510509 8.01759
0.51208 8.02044
0.51365 8.02018
0.515221 8.01222
0.516792 8.01563
0.518363 8.02209
0.519934 8.02254
0.521504 8.01873
0.523075 8.02025
0.524646 8.02447
0.526217 8.02398
0.527788 8.01416
0.529358 8.01741
0.530929 8.02426
0.5325 8.02493
0.534071 8.023
0.535642 8.02428
0.537212 8.02711
0.538783 8.02474
0.540354 8.0138
0.541925 8.01682
0.543496 8.02415
0.545066 8.023
0.546637 8.01653
0.548208 8.01739
0.549779 8.02146
0.55135 8.02028
0.55292 8.00777
0.554491 8.01029
0.556062 8.01753
0.557633 8.01908
0.559203 8.01621
0.560774 8.01825
0.562345 8.02091
0.563916 8.01823
0.565487 8.00669
0.567057 8.01049
0.568628 8.01947
0.570199 8.01926
0.57177 8.0132
0.573341 8.01504
0.574911 8.02017
0.576482 8.01974
0.578053 8.00783
0.579624 8.01171
0.581195 8.02034
0.582765 8.02163
0.584336 8.01927
0.585907 8.02199
0.587478 8.02589
0.589049 8.0238
0.590619 8.00934
0.59219 8.01213
0.593761 8.02175
0.595332 8.02151
0.596903 8.01456
0.598473 8.01515
0.600044 8.0198
0.601615 8.01854
0.603186 8.00177
0.604757 8.00586
0.606327 8.01638
0.607898 8.01787
0.609469 8.01206
0.61104 8.01512
0.612611 8.01959
0.614181 8.01654
0.615752 8.00029
0.617323 8.0045
0.618894 8.01514
0.620465 8.01492
0.622035 8.00581
0.623606 8.00788
0.625177 8.01346
0.626748 8.01255
0.628319 7.9942
0.629889 7.99974
0.63146 8.0117
0.633031 8.01404
0.634602 8.00856
0.636173 8.01177
0.637743 8.01749
0.639314 8.016
0.640885 7.99629
0.642456 8.00211
0.644026 8.01497
0.645597 8.01476
0.647168 8.00485
0.648739 8.0057
0.65031 8.01257
0.65188 8.01231
0.653451 7.98791
0.655022 7.99354
0.656593 8.00924
0.658164 8.01069
0.659734 8.0033
0.661305 8.00553
0.662876 8.01307
0.664447 8.00916
0.666018 7.9885
0.667588 7.99216
0.669159 8.00614
0.67073 8.00763
0.672301 7.9973
0.673872 7.99562
0.675442 8.00292
0.677013 8.00354
0.678584 7.97758
0.680155 7.98515
0.681726 8.00071
0.683296 8.00378
0.684867 7.99554
0.686438 7.99937
0.688009 8.00832
0.68958 8.004
0.69115 7.98076
0.692721 7.98658
0.694292 8.00137
0.695863 8.00204
0.697434 7.99036
0.699004 7.99086
0.700575 7.99928
0.702146 7.99982
0.703717 7.96674
0.705288 7.97544
0.706858 7.99516
0.708429 7.99951
0.71 7.98702
0.711571 7.99254
0.713142 8.00355
0.714712 7.99757
0.716283 7.96973
0.717854 7.97671
0.719425 7.99569
0.720996 7.995
0.722566 7.98202
0.724137 7.98548
0.725708 7.99278
0.727279 7.99044
0.728849 7.95461
0.73042 7.96611
0.731991 7.98894
0.733562 7.99409
0.735133 7.98228
0.736703 7.98618
0.738274 7.9987
0.739845 7.99745
0.741416 7.96243
0.742987 7.97078
0.744557 7.9931
0.746128 7.99351
0.747699 7.97797
0.74927 7.98006
0.750841 7.99219
0.752411 7.99147
0.753982 7.94505
0.755553 7.95713
0.757124 7.98638
0.758695 7.99087
0.760265 7.97336
0.761836 7.98001
0.763407 7.99684
0.764978 7.98935
0.766549 7.94747
0.768119 7.95879
0.76969 7.98329
0.771261 7.9862
0.772832 7.96803
0.774403 7.9717
0.775973 7.98605
0.777544 7.98519
0.779115 7.92904
0.780686 7.94396
0.782257 7.97847
0.783827 7.98428
0.785398 7.96392
0.786969 7.97055
0.78854 7.99011
0.790111 7.98388
0.791681 7.93545
0.793252 7.94762
0.794823 7.97744
0.796394 7.97832
0.797965 7.9583
0.799535 7.96216
0.801106 7.97803
0.802677 7.97646
0.804248 7.90228
0.805819 7.91929
0.807389 7.96689
0.80896 7.97048
0.810531 7.94098
0.812102 7.94761
0.813672 7.97353
0.815243 7.96725
0.816814 7.90517
0.818385 7.92191
0.819956 7.96248
0.821526 7.96459
0.823097 7.93612
0.824668 7.945
0.826239 7.9691
0.82781 7.96633
0.82938 7.85613
0.830951 7.87773
0.832522 7.94589
0.834093 7.95177
0.835664 7.90624
0.837234 7.91606
0.838805 7.95227
0.840376 7.94239
0.841947 7.85372
0.843518 7.87532
0.845088 7.93353
0.846659 7.93616
0.84823 7.90062
0.849801 7.9142
0.851372 7.9454
0.852942 7.94259
0.854513 7.79458
0.856084 7.82258
0.857655 7.91048
0.859226 7.91975
0.860796 7.86324
0.862367 7.88009
0.863938 7.9272
0.865509 7.90739
0.86708 7.79098
0.86865 7.81688
0.870221 7.88721
0.871792 7.89987
0.873363 7.85984
0.874934 7.87481
0.876504 7.91199
0.878075 7.91225
0.879646 7.73733
0.881217 7.77111
0.882788 7.87031
0.884358 7.8826
0.885929 7.82053
0.8875 7.84558
0.889071 7.89747
0.890642 7.87739
0.892212 7.70569
0.893783 7.73763
0.895354 7.82787
0.896925 7.84607
0.898495 7.80019
0.900066 7.8219
0.901637 7.86139
0.903208 7.86088
0.904779 7.68372
0.906349 7.71739
0.90792 7.85553
0.909491 7.88602
0.911062 7.81524
0.912633 7.82899
0.914203 7.9052
0.915774 7.91109
0.917345 7.79831
0.918916 7.82725
0.920487 7.90709
0.922057 7.91241
0.923628 7.86522
0.925199 7.88138
0.92677 7.92624
0.928341 7.93032
0.929911 7.80196
0.931482 7.83094
0.933053 7.91539
0.934624 7.92665
0.936195 7.88386
0.937765 7.898
0.939336 7.94174
0.940907 7.93305
0.942478 7.84028
0.944049 7.86152
0.945619 7.91907
0.94719 7.92731
0.948761 7.89307
0.950332 7.89962
0.951903 7.92884
0.953473 7.93265
0.955044 7.82131
0.956615 7.84647
0.958186 7.92007
0.959757 7.93133
0.961327 7.88978
0.962898 7.90604
0.964469 7.94665
0.96604 7.93475
0.967611 7.84756
0.969181 7.86926
0.970752 7.92339
0.972323 7.92943
0.973894 7.89632
0.975465 7.90871
0.977035 7.93808
0.978606 7.93682
0.980177 7.81465
0.981748 7.84038
0.983319 7.9197
0.984889 7.92991
0.98646 7.88277
0.988031 7.8976
0.989602 7.94171
0.991172 7.92465
0.992743 7.82936
0.994314 7.85331
0.995885 7.91448
0.997456 7.91894
0.999026 7.88304
1.0006 7.89557
1.00217 7.92814
1.00374 7.9261
1.00531 7.79488
1.00688 7.82371
1.00845 7.90836
1.01002 7.92066
1.01159 7.87414
1.01316 7.88849
1.01473 7.93297
1.01631 7.92186
1.01788 7.82473
1.01945 7.84916
1.02102 7.91374
1.02259 7.91488
1.02416 7.87826
1.02573 7.89308
1.0273 7.92843
1.02887 7.9244
1.03044 7.80107
1.03201 7.82766
1.03358 7.90791
1.03515 7.91763
1.03673 7.87284
1.0383 7.89417
1.03987 7.93715
1.04144 7.92504
1.04301 7.82953
1.04458 7.85486
1.04615 7.91489
1.04772 7.91884
1.04929 7.88291
1.05086 7.89701
1.05243 7.92932
1.054 7.92852
1.05558 7.81031
1.05715 7.83804
1.05872 7.91567
1.06029 7.92636
1.06186 7.88236
1.06343 7.89783
1.065 7.94425
1.06657 7.92886
1.06814 7.83068
1.06971 7.85257
1.07128 7.91385
1.07285 7.91682
1.07442 7.88044
1.076 7.89394
1.07757 7.9225
1.07914 7.9198
1.08071 7.78222
1.08228 7.81187
1.08385 7.90599
1.08542 7.91959
1.08699 7.86711
1.08856 7.88492
1.09013 7.93546
1.0917 7.91806
1.09327 7.81782
1.09485 7.84284
1.09642 7.90821
1.09799 7.91189
1.09956 7.87377
1.10113 7.88803
1.1027 7.92322
1.10427 7.91922
1.10584 7.78406
1.10741 7.81174
1.10898 7.90196
1.11055 7.91492
1.11212 7.86594
1.11369 7.88016
1.11527 7.92765
1.11684 7.91842
1.11841 7.82255
1.11998 7.8492
1.12155 7.91118
1.12312 7.91243
1.12469 7.87326
1.12626 7.8864
1.12783 7.92441
1.1294 7.92205
1.13097 7.79052
1.13254 7.82067
1.13411 7.90419
1.13569 7.91596
1.13726 7.86557
1.13883 7.88146
1.1404 7.92814
1.14197 7.92184
1.14354 7.80939
1.14511 7.8342
1.14668 7.90118
1.14825 7.90606
1.14982 7.86232
1.15139 7.87888
1.15296 7.91249
1.15454 7.90846
1.15611 7.79079
1.15768 7.81761
1.15925 7.89793
1.16082 7.91267
1.16239 7.87166
1.16396 7.8911
1.16553 7.93592
1.1671 7.92482
1.16867 7.82158
1.17024 7.84462
1.17181 7.90599
1.17338 7.9097
1.17496 7.87378
1.17653 7.88737
1.1781 7.91579
1.17967 7.91209
1.18124 7.77178
1.18281 7.80175
1.18438 7.8955
1.18595 7.91246
1.18752 7.8586
1.18909 7.87795
1.19066 7.93118
1.19223 7.91291
1.19381 7.81022
1.19538 7.83569
1.19695 7.90223
1.19852 7.90502
1.20009 7.86315
1.20166 7.88111
1.20323 7.91527
1.2048 7.91336
1.20637 7.78435
1.20794 7.8139
1.20951 7.89717
1.21108 7.91308
1.21265 7.86444
1.21423 7.88245
1.2158 7.92994
1.21737 7.92338
1.21894 7.81811
1.22051 7.84253
1.22208 7.90505
1.22365 7.90888
1.22522 7.86828
1.22679 7.88193
1.22836 7.91576
1.22993 7.91307
1.2315 7.77182
1.23308 7.80176
1.23465 7.89541
1.23622 7.90658
1.23779 7.85583
1.23936 7.87411
1.24093 7.92484
1.2425 7.90835
1.24407 7.79894
1.24564 7.82373
1.24721 7.89103
1.24878 7.89459
1.25035 7.85502
1.25192 7.86938
1.2535 7.90416
1.25507 7.90088
1.25664 7.76686
1.25821 7.79662
1.25978 7.88416
1.26135 7.90243
1.26292 7.85473
1.26449 7.8728
1.26606 7.92803
1.26763 7.91344
1.2692 7.81179
1.27077 7.83891
1.27235 7.90066
1.27392 7.90407
1.27549 7.86881
1.27706 7.88328
1.27863 7.915
1.2802 7.9116
1.28177 7.76314
1.28334 7.79566
1.28491 7.89269
1.28648 7.911
1.28805 7.8487
1.28962 7.86951
1.29119 7.9267
1.29277 7.90754
1.29434 7.79582
1.29591 7.82114
1.29748 7.89179
1.29905 7.89565
1.30062 7.85425
1.30219 7.87074
1.30376 7.90567
1.30533 7.90106
1.3069 7.75601
1.30847 7.79196
1.31004 7.88405
1.31161 7.90228
1.31319 7.84834
1.31476 7.86703
1.31633 7.91867
1.3179 7.91067
1.31947 7.80414
1.32104 7.82843
1.32261 7.89425
1.32418 7.89618
1.32575 7.85389
1.32732 7.86886
1.32889 7.90363
1.33046 7.90057
1.33204 7.74195
1.33361 7.77206
1.33518 7.8806
1.33675 7.89612
1.33832 7.83265
1.33989 7.85288
1.34146 7.91029
1.34303 7.8961
1.3446 7.7739
1.34617 7.79664
1.34774 7.87147
1.34931 7.87851
1.35088 7.83436
1.35246 7.84716
1.35403 7.88332
1.3556 7.88356
1.35717 7.72741
1.35874 7.75771
1.36031 7.86408
1.36188 7.88356
1.36345 7.82233
1.36502 7.84655
1.36659 7.9077
1.36816 7.89362
1.36973 7.77406
1.37131 7.80084
1.37288 7.86881
1.37445 7.87676
1.37602 7.83562
1.37759 7.84938
1.37916 7.88579
1.38073 7.88572
1.3823 7.69986
1.38387 7.73461
1.38544 7.86089
1.38701 7.87676
1.38858 7.8
1.39015 7.82164
1.39173 7.89039
1.3933 7.87423
1.39487 7.73596
1.39644 7.76639
1.39801 7.84781
1.39958 7.856
1.40115 7.80565
1.40272 7.82806
1.40429 7.87085
1.40586 7.86694
1.40743 7.66581
1.409 7.7044
1.41058 7.83516
1.41215 7.85752
1.41372 7.77749
1.41529 7.80377
1.41686 7.88001
1.41843 7.86032
1.42 7.7186
1.42157 7.7514
1.42314 7.83986
1.42471 7.84739
1.42628 7.79795
1.42785 7.81989
1.42942 7.86542
1.431 7.86542
1.43257 7.65064
1.43414 7.69015
1.43571 7.83171
1.43728 7.85059
1.43885 7.76388
1.44042 7.79138
1.44199 7.86954
1.44356 7.85058
1.44513 7.67095
1.4467 7.70322
1.44827 7.80302
1.44985 7.81575
1.45142 7.76206
1.45299 7.78825
1.45456 7.83067
1.45613 7.82565
1.4577 7.59419
1.45927 7.63693
1.46084 7.78996
1.46241 7.81549
1.46398 7.72813
1.46555 7.76383
1.46712 7.84799
1.46869 7.83111
1.47027 7.63935
1.47184 7.6778
1.47341 7.78336
1.47498 7.79926
1.47655 7.74902
1.47812 7.77633
1.47969 7.82655
1.48126 7.82928
1.48283 7.61862
1.4844 7.66592
1.48597 7.80998
1.48754 7.83801
1.48911 7.76039
1.49069 7.79624
1.49226 7.8816
1.49383 7.86939
1.4954 7.70397
1.49697 7.73828
1.49854 7.82734
1.50011 7.83857
1.50168 7.7941
1.50325 7.81708
1.50482 7.85586
1.50639 7.86211
1.50796 7.63787
1.50954 7.6819
1.51111 7.8275
1.51268 7.84749
1.51425 7.76088
1.51582 7.78967
1.51739 7.87087
1.51896 7.8563
1.52053 7.71707
1.5221 7.7516
1.52367 7.83143
1.52524 7.83258
1.52681 7.78911
1.52838 7.8132
1.52996 7.83764
1.53153 7.82023
1.5331 7.62654
1.53467 7.64166
1.53624 7.72394
1.53781 7.71079
1.53938 7.60328
1.54095 7.57764
1.54252 7.5796
1.54409 7.49713
1.54566 7.28591
1.54723 7.21409
1.54881 7.17864
1.55038 7.0608
1.55195 6.87429
1.55352 6.73252
1.55509 6.58489
1.55666 6.38488
1.55823 6.0817
1.5598 5.87273
1.56137 5.68131
1.56294 5.43105
1.56451 5.12743
1.56608 4.85452
1.56765 4.58568
1.56923 4.28062
