0 3.53009
0.0015708 3.84233
0.00314159 4.15667
0.00471239 4.4701
0.00628319 4.77936
0.00785398 5.08209
0.00942478 5.3696
0.0109956 5.65038
0.0125664 5.92406
0.0141372 6.17516
0.015708 6.40878
0.0172788 6.62389
0.0188496 6.81983
0.0204204 6.99562
0.0219911 7.15267
0.0235619 7.29132
0.0251327 7.41167
0.0267035 7.51521
0.0282743 7.60289
0.0298451 7.67701
0.0314159 7.73729
0.0329867 7.78579
0.0345575 7.82458
0.0361283 7.85503
0.0376991 7.87801
0.0392699 7.89506
0.0408407 7.90689
0.0424115 7.9154
0.0439823 7.9209
0.0455531 7.9252
0.0471239 7.92713
0.0486947 7.92839
0.0502655 7.92862
0.0518363 7.92885
0.0534071 7.92936
0.0549779 7.93024
0.0565487 7.93119
0.0581195 7.93254
0.0596903 7.93426
0.0612611 7.93675
0.0628319 7.93883
0.0644026 7.94196
0.0659734 7.94578
0.0675442 7.94962
0.069115 7.95321
0.0706858 7.95723
0.0722566 7.9617
0.0738274 7.96607
0.0753982 7.96961
0.076969 7.97415
0.0785398 7.97839
0.0801106 7.98246
0.0816814 7.98619
0.0832522 7.98962
0.084823 7.99292
0.0863938 7.99615
0.0879646 7.99863
0.0895354 8.00185
0.0911062 8.00456
0.092677 8.00713
0.0942478 8.00928
0.0958186 8.01123
0.0973894 8.01359
0.0989602 8.01561
0.100531 8.01729
0.102102 8.01912
0.103673 8.02083
0.105243 8.02247
0.106814 8.02411
0.108385 8.02567
0.109956 8.02678
0.111527 8.02781
0.113097 8.02799
0.114668 8.02917
0.116239 8.03018
0.11781 8.03063
0.119381 8.03082
0.120951 8.03142
0.122522 8.03098
0.124093 8.03106
0.125664 8.03083
0.127235 8.03092
0.128805 8.03094
0.130376 8.031
0.131947 8.03092
0.133518 8.0311
0.135088 8.03136
0.136659 8.03164
0.13823 8.03127
0.139801 8.03182
0.141372 8.03238
0.142942 8.0326
0.144513 8.03259
0.146084 8.03298
0.147655 8.03357
0.149226 8.03368
0.150796 8.03337
0.152367 8.03375
0.153938 8.03466
0.155509 8.03459
0.15708 8.03482
0.15865 8.03527
0.160221 8.03537
0.161792 8.03574
0.163363 8.03499
0.164934 8.03551
0.166504 8.0362
0.168075 8.03637
0.169646 8.03616
0.171217 8.03656
0.172788 8.03726
0.174358 8.03815
0.175929 8.03766
0.1775 8.03811
0.179071 8.03922
0.180642 8.0395
0.182212 8.03981
0.183783 8.04012
0.185354 8.04056
0.186925 8.04046
0.188496 8.03943
0.190066 8.03998
0.191637 8.04066
0.193208 8.0404
0.194779 8.03954
0.19635 8.03924
0.19792 8.03933
0.199491 8.03873
0.201062 8.0371
0.202633 8.03648
0.204204 8.03623
0.205774 8.03542
0.207345 8.03443
0.208916 8.03347
0.210487 8.03208
0.212058 8.03044
0.213628 8.02799
0.215199 8.02673
0.21677 8.02586
0.218341 8.02427
0.219911 8.02178
0.221482 8.02038
0.223053 8.0192
0.224624 8.01764
0.226195 8.01494
0.227765 8.01384
0.229336 8.01372
0.230907 8.01322
0.232478 8.01246
0.234049 8.01233
0.235619 8.01217
0.23719 8.0116
0.238761 8.01019
0.240332 8.01101
0.241903 8.01295
0.243473 8.01329
0.245044 8.01298
0.246615 8.01459
0.248186 8.01617
0.249757 8.01683
0.251327 8.01626
0.252898 8.01737
0.254469 8.01935
0.25604 8.0204
0.257611 8.02079
0.259181 8.02157
0.260752 8.02242
0.262323 8.0222
0.263894 8.02024
0.265465 8.02053
0.267035 8.022
0.268606 8.02148
0.270177 8.01984
0.271748 8.01985
0.273319 8.02032
0.274889 8.01952
0.27646 8.01724
0.278031 8.01721
0.279602 8.01848
0.281173 8.01828
0.282743 8.01803
0.284314 8.0187
0.285885 8.01911
0.287456 8.01889
0.289027 8.01676
0.290597 8.01774
0.292168 8.0198
0.293739 8.02012
0.29531 8.01927
0.296881 8.02004
0.298451 8.02131
0.300022 8.02138
0.301593 8.02007
0.303164 8.02082
0.304734 8.02255
0.306305 8.02269
0.307876 8.0225
0.309447 8.02321
0.311018 8.02327
0.312588 8.02314
0.314159 8.0204
0.31573 8.02068
0.317301 8.02247
0.318872 8.02221
0.320442 8.02136
0.322013 8.02165
0.323584 8.02263
0.325155 8.02275
0.326726 8.02055
0.328296 8.02127
0.329867 8.02339
0.331438 8.02372
0.333009 8.0236
0.33458 8.02465
0.33615 8.02576
0.337721 8.02552
0.339292 8.02272
0.340863 8.02391
0.342434 8.0266
0.344004 8.02701
0.345575 8.02575
0.347146 8.02604
0.348717 8.02774
0.350288 8.02791
0.351858 8.02524
0.353429 8.02592
0.355 8.02801
0.356571 8.02839
0.358142 8.0277
0.359712 8.0285
0.361283 8.02913
0.362854 8.02836
0.364425 8.02493
0.365996 8.02553
0.367566 8.02833
0.369137 8.02799
0.370708 8.02537
0.372279 8.02575
0.37385 8.02737
0.37542 8.0271
0.376991 8.02325
0.378562 8.02406
0.380133 8.02614
0.381704 8.02639
0.383274 8.0255
0.384845 8.02618
0.386416 8.0269
0.387987 8.02581
0.389557 8.02079
0.391128 8.02161
0.392699 8.02482
0.39427 8.02419
0.395841 8.02151
0.397411 8.02205
0.398982 8.0232
0.400553 8.02218
0.402124 8.01763
0.403695 8.0182
0.405265 8.02105
0.406836 8.02156
0.408407 8.02027
0.409978 8.02094
0.411549 8.02186
0.413119 8.02085
0.41469 8.01552
0.416261 8.01595
0.417832 8.01952
0.419403 8.01892
0.420973 8.01598
0.422544 8.01541
0.424115 8.01726
0.425686 8.01685
0.427257 8.01067
0.428827 8.01169
0.430398 8.01568
0.431969 8.01583
0.43354 8.0135
0.435111 8.0142
0.436681 8.01581
0.438252 8.01457
0.439823 8.00844
0.441394 8.00967
0.442965 8.01376
0.444535 8.01423
0.446106 8.01159
0.447677 8.01115
0.449248 8.01363
0.450819 8.01423
0.452389 8.00806
0.45396 8.01008
0.455531 8.01458
0.457102 8.01565
0.458673 8.01408
0.460243 8.01594
0.461814 8.01864
0.463385 8.01804
0.464956 8.01098
0.466527 8.0126
0.468097 8.01818
0.469668 8.01756
0.471239 8.01431
0.47281 8.01448
0.47438 8.01757
0.475951 8.01731
0.477522 8.00913
0.479093 8.01115
0.480664 8.01625
0.482234 8.01724
0.483805 8.01459
0.485376 8.01567
0.486947 8.018
0.488518 8.01684
0.490088 8.00734
0.491659 8.0091
0.49323 8.01529
0.494801 8.01509
0.496372 8.01032
0.497942 8.01077
0.499513 8.01421
0.501084 8.01366
0.502655 8.00418
0.504226 8.00771
0.505796 8.01462
0.507367 8.0159
0.508938 8.0134
0.510509 8.0159
0.51208 8.01955
0.51365 8.01814
0.515221 8.01014
0.516792 8.01344
0.518363 8.02064
0.519934 8.02101
0.521504 8.01707
0.523075 8.01739
0.524646 8.02209
0.526217 8.02228
0.527788 8.00979
0.529358 8.01334
0.530929 8.02246
0.5325 8.02378
0.534071 8.01989
0.535642 8.02181
0.537212 8.02541
0.538783 8.02349
0.540354 8.01094
0.541925 8.01326
0.543496 8.02063
0.545066 8.02128
0.546637 8.01373
0.548208 8.01434
0.549779 8.01902
0.55135 8.0184
0.55292 8.00294
0.554491 8.0069
0.556062 8.0159
0.557633 8.01758
0.559203 8.0124
0.560774 8.01462
0.562345 8.01898
0.563916 8.01866
0.565487 8.00384
0.567057 8.00764
0.568628 8.01749
0.570199 8.01808
0.57177 8.0112
0.573341 8.01123
0.574911 8.0165
0.576482 8.01829
0.578053 8.00038
0.579624 8.00552
0.581195 8.01799
0.582765 8.02027
0.584336 8.01356
0.585907 8.01689
0.587478 8.02374
0.589049 8.02016
0.590619 8.00184
0.59219 8.0061
0.593761 8.01815
0.595332 8.01839
0.596903 8.00881
0.598473 8.01013
0.600044 8.01642
0.601615 8.01504
0.603186 7.99118
0.604757 7.99703
0.606327 8.01185
0.607898 8.01363
0.609469 8.00454
0.61104 8.00776
0.612611 8.0151
0.614181 8.01315
0.615752 7.98746
0.617323 7.99332
0.618894 8.009
0.620465 8.00977
0.622035 7.99825
0.623606 7.99882
0.625177 8.00778
0.626748 8.00724
0.628319 7.97164
0.629889 7.9797
0.63146 8.00399
0.633031 8.00644
0.634602 7.99148
0.636173 7.99645
0.637743 8.00987
0.639314 8.00332
0.640885 7.9708
0.642456 7.98072
0.644026 8.00246
0.645597 8.00395
0.647168 7.98777
0.648739 7.99049
0.65031 8.00317
0.65188 8.0024
0.653451 7.9538
0.655022 7.96432
0.656593 7.99608
0.658164 7.99802
0.659734 7.97747
0.661305 7.98331
0.662876 7.99884
0.664447 7.9909
0.666018 7.94855
0.667588 7.96008
0.669159 7.98702
0.67073 7.98886
0.672301 7.96841
0.673872 7.97356
0.675442 7.99029
0.677013 7.98837
0.678584 7.92242
0.680155 7.93615
0.681726 7.97579
0.683296 7.97856
0.684867 7.95099
0.686438 7.96071
0.688009 7.98107
0.68958 7.96959
0.69115 7.89533
0.692721 7.91317
0.694292 7.95883
0.695863 7.96603
0.697434 7.93593
0.699004 7.94533
0.700575 7.96655
0.702146 7.96414
0.703717 7.7447
0.705288 7.76003
0.706858 7.91847
0.708429 7.92612
0.71 7.79901
0.711571 7.80152
0.713142 7.90015
0.714712 7.89872
0.716283 7.78386
0.717854 7.8029
0.719425 7.88717
0.720996 7.89926
0.722566 7.85629
0.724137 7.87327
0.725708 7.91895
0.727279 7.92394
0.728849 7.85377
0.73042 7.87395
0.731991 7.92564
0.733562 7.94099
0.735133 7.9187
0.736703 7.93152
0.738274 7.96591
0.739845 7.96867
0.741416 7.90951
0.742987 7.92621
0.744557 7.96702
0.746128 7.96909
0.747699 7.94438
0.74927 7.9548
0.750841 7.97749
0.752411 7.97681
0.753982 7.91118
0.755553 7.92697
0.757124 7.96951
0.758695 7.97597
0.760265 7.9521
0.761836 7.95986
0.763407 7.982
0.764978 7.97707
0.766549 7.92102
0.768119 7.93513
0.76969 7.97241
0.771261 7.97377
0.772832 7.94797
0.774403 7.95772
0.775973 7.97701
0.777544 7.97548
0.779115 7.90322
0.780686 7.91903
0.782257 7.96693
0.783827 7.97223
0.785398 7.94209
0.786969 7.95273
0.78854 7.97725
0.790111 7.9687
0.791681 7.90447
0.793252 7.92016
0.794823 7.96221
0.796394 7.96531
0.797965 7.93855
0.799535 7.94578
0.801106 7.96771
0.802677 7.96667
0.804248 7.89509
0.805819 7.91357
0.807389 7.96067
0.80896 7.96709
0.810531 7.94063
0.812102 7.95209
0.813672 7.9772
0.815243 7.96902
0.816814 7.90503
0.818385 7.91841
0.819956 7.96046
0.821526 7.96392
0.823097 7.93881
0.824668 7.94683
0.826239 7.96733
0.82781 7.96596
0.82938 7.88178
0.830951 7.90035
0.832522 7.95642
0.834093 7.96467
0.835664 7.93238
0.837234 7.94411
0.838805 7.97355
0.840376 7.96128
0.841947 7.89577
0.843518 7.91502
0.845088 7.96009
0.846659 7.96261
0.84823 7.93318
0.849801 7.94457
0.851372 7.96938
0.852942 7.96642
0.854513 7.8809
0.856084 7.89992
0.857655 7.95512
0.859226 7.96314
0.860796 7.93106
0.862367 7.93952
0.863938 7.96918
0.865509 7.96141
0.86708 7.89467
0.86865 7.91407
0.870221 7.95719
0.871792 7.96069
0.873363 7.93045
0.874934 7.93991
0.876504 7.967
0.878075 7.96596
0.879646 7.88004
0.881217 7.89982
0.882788 7.95419
0.884358 7.96284
0.885929 7.93011
0.8875 7.93845
0.889071 7.97065
0.890642 7.96324
0.892212 7.887
0.893783 7.90287
0.895354 7.95331
0.896925 7.9565
0.898495 7.92463
0.900066 7.93533
0.901637 7.95968
0.903208 7.95625
0.904779 7.87398
0.906349 7.89492
0.90792 7.94994
0.909491 7.95775
0.911062 7.92747
0.912633 7.94097
0.914203 7.97163
0.915774 7.96226
0.917345 7.88761
0.918916 7.90302
0.920487 7.94989
0.922057 7.95133
0.923628 7.92337
0.925199 7.93209
0.92677 7.95527
0.928341 7.95183
0.929911 7.85478
0.931482 7.87502
0.933053 7.94091
0.934624 7.94988
0.936195 7.91152
0.937765 7.92558
0.939336 7.9621
0.940907 7.94719
0.942478 7.87153
0.944049 7.89002
0.945619 7.94083
0.94719 7.94417
0.948761 7.91281
0.950332 7.92312
0.951903 7.94962
0.953473 7.9473
0.955044 7.84505
0.956615 7.86709
0.958186 7.93364
0.959757 7.94353
0.961327 7.90483
0.962898 7.91637
0.964469 7.95245
0.96604 7.94378
0.967611 7.86451
0.969181 7.88442
0.970752 7.93775
0.972323 7.93944
0.973894 7.90668
0.975465 7.91864
0.977035 7.94713
0.978606 7.94489
0.980177 7.84247
0.981748 7.86732
0.983319 7.93232
0.984889 7.94317
0.98646 7.90499
0.988031 7.91695
0.989602 7.95387
0.991172 7.94338
0.992743 7.86456
0.994314 7.88301
0.995885 7.93608
0.997456 7.93876
0.999026 7.90626
1.0006 7.91577
1.00217 7.94345
1.00374 7.94328
1.00531 7.84064
1.00688 7.86266
1.00845 7.93091
1.01002 7.9401
1.01159 7.90207
1.01316 7.91427
1.01473 7.95161
1.01631 7.94146
1.01788 7.86317
1.01945 7.88235
1.02102 7.93251
1.02259 7.93554
1.02416 7.90267
1.02573 7.914
1.0273 7.94171
1.02887 7.94101
1.03044 7.82769
1.03201 7.85154
1.03358 7.92728
1.03515 7.93773
1.03673 7.892
1.0383 7.90587
1.03987 7.94915
1.04144 7.93631
1.04301 7.84982
1.04458 7.87148
1.04615 7.92706
1.04772 7.93
1.04929 7.89475
1.05086 7.9086
1.05243 7.93971
1.054 7.93622
1.05558 7.82747
1.05715 7.85355
1.05872 7.92158
1.06029 7.93618
1.06186 7.89604
1.06343 7.9073
1.065 7.94986
1.06657 7.94435
1.06814 7.86041
1.06971 7.8796
1.07128 7.93329
1.07285 7.93572
1.07442 7.90133
1.076 7.91086
1.07757 7.94031
1.07914 7.9383
1.08071 7.82151
1.08228 7.84603
1.08385 7.9264
1.08542 7.93861
1.08699 7.89223
1.08856 7.90375
1.09013 7.94698
1.0917 7.9374
1.09327 7.84861
1.09485 7.86647
1.09642 7.92163
1.09799 7.928
1.09956 7.89076
1.10113 7.89698
1.1027 7.92675
1.10427 7.92869
1.10584 7.83346
1.10741 7.85515
1.10898 7.92052
1.11055 7.93335
1.11212 7.89992
1.11369 7.91622
1.11527 7.9551
1.11684 7.94396
1.11841 7.86625
1.11998 7.88406
1.12155 7.92998
1.12312 7.93382
1.12469 7.90375
1.12626 7.91067
1.12783 7.93641
1.1294 7.93591
1.13097 7.82767
1.13254 7.85546
1.13411 7.92571
1.13569 7.93587
1.13726 7.8945
1.13883 7.90898
1.1404 7.9493
1.14197 7.938
1.14354 7.85023
1.14511 7.86996
1.14668 7.92244
1.14825 7.92618
1.14982 7.89342
1.15139 7.90144
1.15296 7.92993
1.15454 7.92784
1.15611 7.82336
1.15768 7.84761
1.15925 7.91496
1.16082 7.93005
1.16239 7.89084
1.16396 7.90518
1.16553 7.94459
1.1671 7.94104
1.16867 7.85685
1.17024 7.87471
1.17181 7.92765
1.17338 7.93103
1.17496 7.8949
1.17653 7.90431
1.1781 7.9331
1.17967 7.93263
1.18124 7.80705
1.18281 7.83279
1.18438 7.91562
1.18595 7.92783
1.18752 7.87847
1.18909 7.89009
1.19066 7.93733
1.19223 7.92707
1.19381 7.8297
1.19538 7.85015
1.19695 7.9083
1.19852 7.91555
1.20009 7.87694
1.20166 7.88356
1.20323 7.91654
1.2048 7.91883
1.20637 7.79924
1.20794 7.82398
1.20951 7.90624
1.21108 7.91837
1.21265 7.87344
1.21423 7.89243
1.2158 7.93983
1.21737 7.92534
1.21894 7.82366
1.22051 7.84358
1.22208 7.90257
1.22365 7.90732
1.22522 7.87138
1.22679 7.88138
1.22836 7.90955
1.22993 7.90875
1.2315 7.78042
1.23308 7.81015
1.23465 7.89396
1.23622 7.90787
1.23779 7.85997
1.23936 7.87753
1.24093 7.92757
1.2425 7.91686
1.24407 7.8102
1.24564 7.83082
1.24721 7.89044
1.24878 7.8972
1.25035 7.8582
1.25192 7.86796
1.2535 7.89972
1.25507 7.90132
1.25664 7.73958
1.25821 7.77376
1.25978 7.87781
1.26135 7.89161
1.26292 7.82861
1.26449 7.84578
1.26606 7.90649
1.26763 7.89609
1.2692 7.78077
1.27077 7.80768
1.27235 7.88214
1.27392 7.88916
1.27549 7.84214
1.27706 7.85889
1.27863 7.9017
1.2802 7.90363
1.28177 7.72773
1.28334 7.76235
1.28491 7.87277
1.28648 7.88879
1.28805 7.81661
1.28962 7.83634
1.29119 7.90131
1.29277 7.88972
1.29434 7.742
1.29591 7.76898
1.29748 7.85675
1.29905 7.86492
1.30062 7.81222
1.30219 7.83153
1.30376 7.87584
1.30533 7.86774
1.3069 7.68683
1.30847 7.72246
1.31004 7.84156
1.31161 7.85955
1.31319 7.7932
1.31476 7.81905
1.31633 7.8871
1.3179 7.86917
1.31947 7.71799
1.32104 7.74736
1.32261 7.82252
1.32418 7.82826
1.32575 7.79072
1.32732 7.81747
1.32889 7.8451
1.33046 7.83717
1.33204 7.64252
1.33361 7.67985
1.33518 7.80762
1.33675 7.83225
1.33832 7.7639
1.33989 7.79418
1.34146 7.86646
1.34303 7.85106
1.3446 7.69248
1.34617 7.72293
1.34774 7.80996
1.34931 7.82449
1.35088 7.77503
1.35246 7.79745
1.35403 7.84392
1.3556 7.84319
1.35717 7.58388
1.35874 7.62972
1.36031 7.79113
1.36188 7.81122
1.36345 7.71503
1.36502 7.74581
1.36659 7.8345
1.36816 7.81009
1.36973 7.63324
1.37131 7.67052
1.37288 7.77963
1.37445 7.79553
1.37602 7.73766
1.37759 7.76889
1.37916 7.82726
1.38073 7.82651
1.3823 7.54742
1.38387 7.59243
1.38544 7.75652
1.38701 7.78075
1.38858 7.67927
1.39015 7.71653
1.39173 7.80743
1.3933 7.78263
1.39487 7.55665
1.39644 7.5984
1.39801 7.71869
1.39958 7.74393
1.40115 7.6872
1.40272 7.72302
1.40429 7.77536
1.40586 7.77387
1.40743 7.46189
1.409 7.5133
1.41058 7.69609
1.41215 7.72637
1.41372 7.6269
1.41529 7.67384
1.41686 7.77007
1.41843 7.74428
1.42 7.50296
1.42157 7.544
1.42314 7.66994
1.42471 7.69764
1.42628 7.64091
1.42785 7.68388
1.42942 7.74195
1.431 7.74429
1.43257 7.3672
1.43414 7.42174
1.43571 7.63277
1.43728 7.66671
1.43885 7.55213
1.44042 7.60527
1.44199 7.7109
1.44356 7.68353
1.44513 7.38122
1.4467 7.42835
1.44827 7.5778
1.44985 7.61429
1.45142 7.56217
1.45299 7.6161
1.45456 7.67283
1.45613 7.67348
1.4577 7.27246
1.45927 7.33295
1.46084 7.54554
1.46241 7.59086
1.46398 7.48611
1.46555 7.54864
1.46712 7.65693
1.46869 7.63519
1.47027 7.30924
1.47184 7.36863
1.47341 7.53472
1.47498 7.57855
1.47655 7.52599
1.47812 7.59361
1.47969 7.6578
1.48126 7.66817
1.48283 7.18665
1.4844 7.25367
1.48597 7.47576
1.48754 7.52104
1.48911 7.44174
1.49069 7.5069
1.49226 7.59297
1.49383 7.57347
1.4954 7.21231
1.49697 7.27261
1.49854 7.44572
1.50011 7.49875
1.50168 7.47472
1.50325 7.55035
1.50482 7.59716
1.50639 7.61003
1.50796 7.51373
1.50954 7.55433
1.51111 7.64791
1.51268 7.71193
1.51425 7.72335
1.51582 7.77457
1.51739 7.8441
1.51896 7.87955
1.52053 7.80852
1.5221 7.83656
1.52367 7.88963
1.52524 7.88894
1.52681 7.85814
1.52838 7.88291
1.52996 7.91284
1.53153 7.89446
1.5331 7.8147
1.53467 7.81141
1.53624 7.83304
1.53781 7.8037
1.53938 7.74943
1.54095 7.71137
1.54252 7.66814
1.54409 7.58799
1.54566 7.46799
1.54723 7.38071
1.54881 7.2897
1.55038 7.1603
1.55195 6.99723
1.55352 6.83389
1.55509 6.66298
1.55666 6.46068
1.55823 6.22636
1.5598 5.99595
1.56137 5.75405
1.56294 5.48862
1.56451 5.20911
1.56608 4.92204
1.56765 4.62472
1.56923 4.31713
