16 0.133277
32 0.138413
64 0.149587
128 0.194615
256 0.278703
512 0.444914
1024 0.786705
2048 1.46345
4096 2.8797
8192 5.5783
16384 11.1875
32768 22.8392
65536 46.1939
131072 92.95
262144 184.115
524288 374.989
1048576 738.031
27 0.13856
81 0.168647
243 0.273774
729 0.623095
2187 1.76587
6561 4.6332
19683 14.9031
59049 41.7664
177147 135.054
531441 437.179
25 0.137365
125 0.210683
625 0.568081
3125 2.2774
15625 10.7324
78125 60.2478
390625 291.467
89 0.172047
233 0.271975
1597 1.21343
28657 19.7939
514229 363.38
60 0.14855
120 0.19124
360 0.364623
2520 1.9361
5040 3.76972
55440 40.0404
720720 548.136
