16 0.006171
32 0.006164
64 0.006724
128 0.008623
256 0.012755
512 0.019603
1024 0.032376
2048 0.056785
4096 0.109684
8192 0.205949
16384 0.406205
32768 0.800284
65536 1.59444
131072 3.42769
262144 7.94986
524288 17.599
1048576 36.5017
27 0.005975
81 0.007342
243 0.011863
729 0.02518
2187 0.080675
6561 0.167467
19683 0.486889
59049 1.43999
177147 4.9444
531441 17.6278
25 0.005729
125 0.008647
625 0.021647
3125 0.088074
15625 0.386539
78125 1.96519
390625 12.545
89 0.007829
233 0.011765
1597 0.045924
28657 0.726586
514229 17.3354
60 0.007234
120 0.008514
360 0.015435
2520 0.068491
5040 0.135206
55440 1.35414
720720 24.3636
