60 0.015984
60 0.015797
462 0.043471
462 0.042739
462 0.043182
1564 0.107748
1564 0.108094
3564 0.224371
7056 0.398754
12308 0.66615
19188 1.0367
41412 2.10553
75144 3.7424
154998 7.7424
277632 13.7167
525028 25.5948
1115676 53.9253
60 0.016121
462 0.042923
462 0.043767
1564 0.109482
3564 0.220184
7056 0.39921
28890 1.48797
75144 3.73662
191420 9.33022
600408 28.6809
60 0.016916
462 0.043702
1564 0.107552
3564 0.220837
19188 1.0377
98056 4.83
452226 22.1421
462 0.043302
462 0.043609
3564 0.22242
28890 1.48845
525028 25.7868
60 0.016016
462 0.044707
462 0.043049
3564 0.216204
7056 0.399235
56112 2.82
783632 37.3364
