20 0.050228
35 0.23302
66 0.499978
160 1.55129
310 3.6274
540 7.42852
1065 22.7904
2166 48.3279
4392 120.969
8580 303.772
17442 783.152
33041 1832.32
68700 4836.37
134250 14420.6
264328 35595.1
536333 91282.5
1052834 224471
35 0.240945
105 0.835523
310 3.58958
868 14.5288
2540 60.2522
6972 279.159
20360 1159.4
62060 4269.25
181936 17854.5
536333 91344.3
35 0.233741
160 1.60505
689 10.4941
3388 106.819
16095 703.521
79569 7170.81
400896 50885.2
105 0.880701
310 3.58969
1854 39.4831
28980 1536.32
522976 88319
66 0.527668
160 1.55109
418 5.33643
2540 60.0028
5590 167.147
55888 3693.34
732072 138401
