16 0.008514
32 0.008832
64 0.011413
128 0.016652
256 0.026071
512 0.047886
1024 0.090857
2048 0.171604
4096 0.33905
8192 0.68019
16384 1.4232
32768 2.73087
65536 5.52347
131072 10.7827
262144 21.335
524288 42.2516
1048576 84.6097
27 0.008151
81 0.01228
243 0.025468
729 0.067706
2187 0.199903
6561 0.532584
19683 1.5781
59049 4.73515
177147 14.2023
531441 42.4689
25 0.008479
125 0.016011
625 0.05867
3125 0.260567
15625 1.2735
78125 6.24459
390625 31.2484
89 0.013562
233 0.024387
1597 0.136829
28657 2.28869
514229 41.0475
60 0.011716
120 0.015582
360 0.034683
2520 0.208073
5040 0.423669
55440 4.43877
720720 57.6934
