1024 0.106223 0.243172 2.28925
1048576 0.00872665 0.0241102 2.76282
120 0.214107 0.497932 2.32563
125 0.214107 0.491168 2.29403
128 0.214107 0.48728 2.27588
131072 0.0174533 0.0482213 2.76288
15625 0.0436332 0.0979874 2.24571
1597 0.106223 0.209655 1.97372
16 0.523599 0.98152 1.87456
16384 0.0436332 0.09645 2.21047
177147 0.0174533 0.0436143 2.49891
19683 0.0436332 0.0907277 2.07933
2048 0.106223 0.192959 1.81655
2187 0.106223 0.188778 1.77718
233 0.214107 0.398749 1.86238
243 0.214107 0.393183 1.83639
25 0.508445 0.843892 1.65975
2520 0.106223 0.180061 1.69512
256 0.214107 0.38639 1.80466
262144 0.0174533 0.0382729 2.19288
27 0.508445 0.822233 1.61715
28657 0.0369874 0.0800482 2.1642
3125 0.0923704 0.16759 1.81433
32 0.508445 0.776408 1.52702
32768 0.0369874 0.0765495 2.06961
360 0.214107 0.344769 1.61027
390625 0.0104219 0.0335081 3.21515
4096 0.0801474 0.153129 1.91059
5040 0.080052 0.142896 1.78503
512 0.160223 0.306494 1.91292
514229 0.0104174 0.0305738 2.93488
524288 0.0104174 0.030377 2.91598
531441 0.0104174 0.0302401 2.90284
55440 0.0225925 0.0642406 2.84344
59049 0.0225925 0.0629041 2.78429
60 0.508445 0.628319 1.23576
625 0.159459 0.286745 1.79823
64 0.508445 0.61484 1.20925
65536 0.0225925 0.0607559 2.6892
6561 0.0470726 0.130865 2.78006
720720 0.0104174 0.0273199 2.62252
729 0.106223 0.27238 2.56423
78125 0.0225925 0.0572994 2.53621
81 0.214107 0.568081 2.65327
8192 0.0470726 0.121527 2.58168
89 0.214107 0.550409 2.57073
