7416 0.0352804 0.125627 3.56082
12648 7.4668e-05 0.105142 1408.13
216 0.253145 0.408983 1.61561
24 0.785398 0.855616 1.0894
27672 0.00173088 0.080987 46.7896
28824 8.57508e-05 0.0798933 931.691
39384 0.00933325 0.0719972 7.71406
4344 0.0252759 0.150156 5.94067
53256 0.00301247 0.0651071 21.6126
648 0.137424 0.283306 2.06154
70728 0.00560067 0.0592312 10.5757
89592 0.00692977 0.0547422 7.89957
113976 0.000276074 0.050521 182.998
141096 0.00660024 0.0470511 7.1287
170664 0.00477608 0.0441597 9.24602
19560 0.0114931 0.0909175 7.91059
1992 0.0643527 0.194752 3.02633
207576 0.00575242 0.0413695 7.19166
60 0.628319 0.628319 1
360 0.270919 0.344769 1.27259
