16 0.458514 0.98152 2.14065
32 0.374599 0.776408 2.07264
64 0.328205 0.61484 1.87334
128 0.295531 0.48728 1.64883
256 0.225285 0.38639 1.71511
512 0.183306 0.306494 1.67204
1024 0.153153 0.243172 1.58777
2048 0.112703 0.192959 1.71211
4096 0.0816676 0.153129 1.87502
8192 0.0605119 0.121527 2.00831
16384 0.0464734 0.09645 2.07538
32768 0.0375412 0.0765495 2.03908
65536 0.0321597 0.0607559 1.88919
131072 0.024989 0.0482213 1.9297
262144 0.0177908 0.0382729 2.15127
524288 0.0127512 0.030377 2.38228
1048576 0.00925451 0.0241102 2.60524
27 0.390864 0.822233 2.10363
81 0.317887 0.568081 1.78706
243 0.229414 0.393183 1.71386
729 0.16919 0.27238 1.60991
2187 0.109242 0.188778 1.72807
6561 0.0663996 0.130865 1.97087
19683 0.0436828 0.0907277 2.07697
59049 0.032794 0.0629041 1.91816
177147 0.0215465 0.0436143 2.0242
531441 0.0126697 0.0302401 2.3868
25 0.399038 0.843892 2.11481
125 0.298631 0.491168 1.64473
625 0.174848 0.286745 1.63997
3125 0.0924208 0.16759 1.81334
15625 0.0472515 0.0979874 2.07374
78125 0.030681 0.0572994 1.86759
390625 0.0146717 0.0335081 2.28386
89 0.314339 0.550409 1.751
233 0.23286 0.398749 1.7124
1597 0.12696 0.209655 1.65135
28657 0.0389483 0.0800482 2.05524
514229 0.0128687 0.0305738 2.37582
60 0.331434 0.628319 1.89576
120 0.304099 0.497932 1.6374
360 0.201889 0.344769 1.70772
2520 0.102174 0.180061 1.76229
5040 0.0744458 0.142896 1.91946
55440 0.0332046 0.0642406 1.93469
720720 0.010984 0.0273199 2.48724
