1115676 0 0.023686 inf
12308 0 0.10775 inf
123516 0 0.0494635 inf
154998 0 0.0458257 inf
1564 0 0.215975 inf
191420 0 0.0426983 inf
19188 0 0.0925971 inf
230580 0 0.0401582 inf
277632 0 0.0376709 inf
28890 0 0.0803598 inf
3564 0 0.163134 inf
41412 0 0.0712535 inf
452226 0 0.0320389 inf
462 3.94248e-08 0.32241 8.17785e+06
525028 0 0.0304806 inf
56112 0 0.0644244 inf
60 0.553569 0.628319 1.13503
600408 0 0.0291157 inf
7056 0 0.129497 inf
75144 0 0.0584987 inf
783632 0 0.0266518 inf
98056 0 0.0534863 inf
