105 0.434846 0.520724 1.19749
1052834 0.0194856 0.0240776 1.23566
1065 0.207849 0.240007 1.15472
118800 0.0414864 0.0498277 1.20106
134250 0.0391917 0.0478377 1.22061
13615 0.0872264 0.102591 1.17614
145299 0.0369508 0.046593 1.26095
160 0.392699 0.452192 1.1515
16095 0.0809726 0.097024 1.19823
17442 0.0802148 0.0944586 1.17757
175480 0.0352775 0.043752 1.24022
181936 0.034385 0.0432282 1.25718
1854 0.170045 0.199473 1.17306
20 0.785398 0.910047 1.15871
20360 0.0758359 0.0897106 1.18296
209583 0.0179745 0.041237 2.29419
2166 0.162263 0.189387 1.16716
225 0.344995 0.403436 1.1694
2540 0.153029 0.179587 1.17355
264328 0.0314065 0.0381672 1.21526
28980 0.0669694 0.0797496 1.19084
310 0.314159 0.362439 1.15368
33041 0.0638354 0.0763381 1.19586
3388 0.125956 0.163134 1.29517
35 0.628319 0.753296 1.19891
39750 0.0602834 0.0717756 1.19064
400896 0.0270266 0.0332194 1.22914
418 0.285599 0.327983 1.1484
4392 0.127105 0.149607 1.17703
522976 0.0246865 0.0304024 1.23154
536333 0.0246923 0.0301479 1.22095
540 0.261799 0.301091 1.15008
55888 0.0533032 0.0640685 1.20196
5590 0.118475 0.138044 1.16517
62060 0.0506501 0.0618698 1.22151
66 0.520274 0.608517 1.16961
68700 0.0497915 0.0598084 1.20118
689 0.241661 0.277561 1.14856
6972 0.107308 0.12824 1.19507
72224 0.049135 0.0588194 1.1971
732072 0.021834 0.0271779 1.24475
7743 0.105804 0.123833 1.1704
79569 0.0467475 0.0569506 1.21826
8580 0.101156 0.119666 1.18298
868 0.223072 0.256964 1.15193
91476 0.0426912 0.0543637 1.27342
