16 0.228191 0.98152 4.3013
32 0.206018 0.776408 3.76865
64 0.0451039 0.61484 13.6316
128 0.0318481 0.48728 15.3001
256 0.0224229 0.38639 17.2319
512 0.0224229 0.306494 13.6688
1024 0.0185456 0.243172 13.1121
2048 0.00723485 0.192959 26.6708
4096 0.00572406 0.153129 26.7517
8192 0.00432502 0.121527 28.0985
16384 0.00301378 0.09645 32.003
32768 0.00125096 0.0765495 61.1925
65536 0.000709609 0.0607559 85.6189
131072 0.000656817 0.0482213 73.4167
262144 0.000199779 0.0382729 191.576
524288 0.000199779 0.030377 152.053
1048576 0.000199779 0.0241102 120.684
27 0.206018 0.822233 3.99108
81 0.0318481 0.568081 17.8372
243 0.0224229 0.393183 17.5349
729 0.0185456 0.27238 14.6871
2187 0.00723485 0.188778 26.0929
6561 0.00432502 0.130865 30.2576
19683 0.00204251 0.0907277 44.4198
59049 0.000709609 0.0629041 88.6461
177147 0.000656817 0.0436143 66.4025
531441 0.000199779 0.0302401 151.368
25 0.206018 0.843892 4.09621
125 0.0318481 0.491168 15.4222
625 0.0224229 0.286745 12.788
3125 0.00723485 0.16759 23.1643
15625 0.00301378 0.0979874 32.5131
78125 0.000709609 0.0572994 80.7478
390625 0.000199779 0.0335081 167.726
89 0.0318481 0.550409 17.2823
233 0.0224229 0.398749 17.7831
1597 0.00818393 0.209655 25.6179
28657 0.00125096 0.0800482 63.9892
514229 0.000199779 0.0305738 153.038
60 0.0451039 0.628319 13.9305
120 0.0318481 0.497932 15.6346
360 0.0224229 0.344769 15.3758
2520 0.00723485 0.180061 24.888
5040 0.00563624 0.142896 25.353
55440 0.000709609 0.0642406 90.5296
720720 0.000199779 0.0273199 136.75
