7416 0.00296261
7416 0.00347112
7416 0.00330967
7416 0.0039041
7416 0.00525676
7416 0.00280547
7416 0.00525839
7416 0.00516035
7416 0.00476218
7416 0.00557471
12648 0.000872081
12648 0.00260683
12648 0.00204868
12648 0.00274946
12648 0.00322471
12648 0.00280547
12648 0.00301583
12648 0.00418107
12648 0.00374349
12648 0.00278951
216 0.0492883
216 0.0122603
216 0.0520751
216 0.0324277
216 0.0570187
216 0.0244141
216 0.0300478
216 0.032091
216 0.0639485
216 0.0718011
24 0.226531
24 0.13378
24 0.257021
24 0.159675
24 0.307275
24 0.133683
24 0.181862
24 0.248935
24 0.177092
24 0.189271
27672 0.000872081
27672 0.00149043
27672 0.00204868
27672 0.00274946
27672 0.00208556
27672 0.00128189
27672 0.00219971
27672 0.0020502
27672 0.00163846
27672 0.000874223
28824 0.000872081
28824 0.00149043
28824 0.00204868
28824 0.00274946
28824 0.00184756
28824 0.00128189
28824 0.00219971
28824 0.0020502
28824 0.00163846
28824 0.000874223
39384 0.000872081
39384 0.00126101
39384 0.00204868
39384 0.00113662
39384 0.000735278
39384 0.000855502
39384 0.00219971
39384 0.00163998
39384 0.00163846
39384 0.000874223
4344 0.00683473
4344 0.00852416
4344 0.00639697
4344 0.0039041
4344 0.00525676
4344 0.00280547
4344 0.00671424
4344 0.00516035
4344 0.00476218
4344 0.00557471
53256 0.000872081
53256 0.000829107
53256 0.000928079
53256 0.00113662
53256 0.000735278
53256 0.000855502
53256 0.00104791
53256 0.0012095
53256 0.000491622
53256 0.000874223
648 0.0228381
648 0.0122603
648 0.00920494
648 0.0192396
648 0.010098
648 0.0142108
648 0.0125708
648 0.0234325
648 0.0114872
648 0.0187659
70728 0.000872081
70728 0.000829107
70728 0.000928079
70728 0.00113662
70728 0.000698458
70728 0.000767904
70728 0.000988832
70728 0.0012095
70728 0.000491622
70728 0.000874223
89592 0.000872081
89592 0.000732713
89592 0.000928079
89592 0.00113662
89592 0.000446805
89592 0.000767904
89592 0.000907156
89592 0.000549939
89592 0.000491622
89592 0.000789068
113976 0.000872081
113976 0.000714705
113976 0.000928079
113976 0.000679364
113976 0.000446805
113976 0.000628462
113976 0.000603193
113976 0.000549939
113976 0.000201109
113976 0.000770207
141096 0.000872081
141096 0.000714705
141096 0.000486138
141096 0.000542132
141096 0.000446805
141096 0.000628462
141096 0.000582323
141096 0.000549939
141096 0.000201109
141096 0.000284107
170664 0.000778343
170664 0.000432603
170664 0.000486138
170664 0.000266869
170664 0.000446805
170664 0.000628462
170664 0.000582323
170664 0.000549939
170664 0.000201109
170664 0.000284107
19560 0.000872081
19560 0.00260683
19560 0.00204868
19560 0.00274946
19560 0.00322471
19560 0.00128189
19560 0.00301583
19560 0.0031278
19560 0.00201651
19560 0.00264733
1992 0.0118073
1992 0.010842
1992 0.00920494
1992 0.00474986
1992 0.010098
1992 0.0100155
1992 0.00671424
1992 0.0102395
1992 0.00476218
1992 0.0061927
207576 0.000699987
207576 0.000432603
207576 0.000451799
207576 0.000266869
207576 0.000446805
207576 0.000304242
207576 0.000582323
207576 0.000512106
207576 0.000201109
207576 0.000284107
60 0.0741826
60 0.115093
60 0.0718322
60 0.0846617
60 0.136107
60 0.107491
60 0.106217
60 0.0405232
60 0.0928234
60 0.119869
360 0.0344842
360 0.0122603
360 0.0265813
360 0.0229014
360 0.0256809
360 0.0244141
360 0.0300478
360 0.032091
360 0.0121891
360 0.0457398
16 0.226531
16 0.154136
16 0.278552
16 0.387664
16 0.307275
16 0.344811
16 0.181862
16 0.269192
16 0.31523
16 0.351132
32 0.0741826
32 0.13378
32 0.0885861
32 0.159675
32 0.141976
32 0.133683
32 0.179501
32 0.248935
32 0.177092
32 0.189271
64 0.0741826
64 0.115093
64 0.0718322
64 0.0846617
64 0.136107
64 0.107491
64 0.106217
64 0.0405232
64 0.0928234
64 0.119869
128 0.0561095
128 0.0790043
128 0.0663017
128 0.0324277
128 0.0896593
128 0.042975
128 0.102741
128 0.0405232
128 0.0928234
128 0.110243
256 0.0492883
256 0.0122603
256 0.0520751
256 0.0324277
256 0.0359511
256 0.0244141
256 0.0300478
256 0.032091
256 0.0121891
256 0.0616094
512 0.0228381
512 0.0122603
512 0.00920494
512 0.0229014
512 0.010098
512 0.0142108
512 0.0300478
512 0.0234325
512 0.0121891
512 0.0187659
1024 0.0185336
1024 0.010842
1024 0.00920494
1024 0.0135576
1024 0.010098
1024 0.0142108
1024 0.0125708
1024 0.0102395
1024 0.0064718
1024 0.0187659
2048 0.0118073
2048 0.010842
2048 0.00920494
2048 0.00474986
2048 0.010098
2048 0.0100155
2048 0.00671424
2048 0.0102395
2048 0.00476218
2048 0.0061927
4096 0.00683473
4096 0.00852416
4096 0.00639697
4096 0.0039041
4096 0.00525676
4096 0.00280547
4096 0.00671424
4096 0.00516035
4096 0.00476218
4096 0.00557471
8192 0.00296261
8192 0.00260683
8192 0.00330967
8192 0.0039041
8192 0.00525676
8192 0.00280547
8192 0.00461792
8192 0.00516035
8192 0.00476218
8192 0.00557471
16384 0.000872081
16384 0.00260683
16384 0.00204868
16384 0.00274946
16384 0.00322471
16384 0.00128189
16384 0.00301583
16384 0.0031278
16384 0.00265919
16384 0.00278951
32768 0.000872081
32768 0.00149043
32768 0.00204868
32768 0.00271379
32768 0.00184756
32768 0.000855502
32768 0.00219971
32768 0.0020502
32768 0.00163846
32768 0.000874223
65536 0.000872081
65536 0.000829107
65536 0.000928079
65536 0.00113662
65536 0.000735278
65536 0.000767904
65536 0.000988832
65536 0.0012095
65536 0.000491622
65536 0.000874223
131072 0.000872081
131072 0.000714705
131072 0.000486138
131072 0.000542132
131072 0.000446805
131072 0.000628462
131072 0.000582323
131072 0.000549939
131072 0.000201109
131072 0.000284107
262144 0.000699987
262144 0.000271284
262144 0.000208155
262144 0.000266869
262144 0.000446805
262144 0.000304242
262144 0.000582323
262144 0.000404694
262144 0.000201109
262144 0.000284107
524288 0.000169255
524288 0.000271284
524288 0.000208155
524288 0.000203722
524288 0.000290973
524288 0.000164137
524288 0.000487311
524288 0.000292038
524288 0.000100361
524288 0.000284107
1048576 6.40937e-05
1048576 0.000167773
1048576 9.33979e-05
1048576 0.000150251
1048576 0.000229019
1048576 0.000164137
1048576 0.00015126
1048576 0.000100341
1048576 0.000100361
1048576 0.00020101
27 0.226531
27 0.13378
27 0.0885861
27 0.159675
27 0.141976
27 0.133683
27 0.179501
27 0.248935
27 0.177092
27 0.189271
81 0.0741826
81 0.0790043
81 0.0718322
81 0.0324277
81 0.0896593
81 0.107491
81 0.106217
81 0.0405232
81 0.0928234
81 0.110243
243 0.0492883
243 0.0122603
243 0.0520751
243 0.0324277
243 0.0359511
243 0.0244141
243 0.0300478
243 0.032091
243 0.0494592
243 0.0616094
729 0.0185336
729 0.0122603
729 0.00920494
729 0.0192396
729 0.010098
729 0.0142108
729 0.0125708
729 0.0102395
729 0.0114872
729 0.0187659
2187 0.0118073
2187 0.010842
2187 0.00920494
2187 0.00474986
2187 0.010098
2187 0.00280547
2187 0.00671424
2187 0.0102395
2187 0.00476218
2187 0.0061927
6561 0.00296261
6561 0.00347112
6561 0.00330967
6561 0.0039041
6561 0.00525676
6561 0.00280547
6561 0.00525839
6561 0.00516035
6561 0.00476218
6561 0.00557471
19683 0.000872081
19683 0.00260683
19683 0.00204868
19683 0.00274946
19683 0.00322471
19683 0.00128189
19683 0.00301583
19683 0.0031278
19683 0.00201651
19683 0.00264733
59049 0.000872081
59049 0.000829107
59049 0.000928079
59049 0.00113662
59049 0.000735278
59049 0.000855502
59049 0.00104791
59049 0.0012095
59049 0.000491622
59049 0.000874223
177147 0.000778343
177147 0.000432603
177147 0.000486138
177147 0.000266869
177147 0.000446805
177147 0.000628462
177147 0.000582323
177147 0.000512106
177147 0.000201109
177147 0.000284107
531441 0.000169255
531441 0.000271284
531441 0.000208155
531441 0.000203722
531441 0.000290973
531441 0.000164137
531441 0.000487311
531441 0.000292038
531441 0.000100361
531441 0.000284107
25 0.226531
25 0.13378
25 0.199157
25 0.159675
25 0.307275
25 0.133683
25 0.181862
25 0.248935
25 0.177092
25 0.189271
125 0.0561095
125 0.0790043
125 0.0663017
125 0.0324277
125 0.0896593
125 0.042975
125 0.102741
125 0.0405232
125 0.0928234
125 0.110243
625 0.0228381
625 0.0122603
625 0.00920494
625 0.0192396
625 0.010098
625 0.0142108
625 0.0125708
625 0.0234325
625 0.0114872
625 0.0187659
3125 0.00683473
3125 0.010842
3125 0.00646821
3125 0.00474986
3125 0.010098
3125 0.00280547
3125 0.00671424
3125 0.00672828
3125 0.00476218
3125 0.0061927
15625 0.000872081
15625 0.00260683
15625 0.00204868
15625 0.00274946
15625 0.00322471
15625 0.00128189
15625 0.00301583
15625 0.0031278
15625 0.00265919
15625 0.00278951
78125 0.000872081
78125 0.000829107
78125 0.000928079
78125 0.00113662
78125 0.000698458
78125 0.000767904
78125 0.000907156
78125 0.0012095
78125 0.000491622
78125 0.000874223
390625 0.000310441
390625 0.000271284
390625 0.000208155
390625 0.000239185
390625 0.000290973
390625 0.000304242
390625 0.000487311
390625 0.000292038
390625 0.000100361
390625 0.000284107
