1024 0.000367846
1048576 54.9573
120 0.104911
125 0.00148146
128 0.00100687
131072 13.7345
15625 3.41878e-05
1597 0.000493368
16 0.00406359
16384 3.75269
177147 24.0743
19683 4.24069
2048 0.784122
2187 0.818851
233 0.000261229
243 0.000286127
25 0.00841552
2520 1.71931
256 0.000295785
262144 20.0665
27 0.0104847
28657 4.97904
3125 1.52137
32 0.00806521
32768 5.00945
360 0.206767
390625 36.2972
4096 1.25036
5040 2.37806
512 0.331744
514229 37.4106
524288 31.8582
531441 32.1472
55440 7.117
59049 6.87473
60 0.00293035
625 0.351222
64 0.00249725
65536 7.96007
6561 2.65821
720720 42.7992
729 0.000283083
78125 3.64767e-05
81 0.0796434
8192 0.000110116
89 0.0789413
