16 0.00388838
32 0.00152869
64 0.00110862
128 0.000487252
256 0.000336308
512 0.00020865
1024 9.50269e-05
2048 7.69224e-05
4096 4.3578e-05
8192 1.83437e-05
16384 1.07303e-05
32768 1.0247e-05
65536 6.86474e-06
131072 7.98873e-06
262144 4.74363e-06
524288 2.42935e-06
1048576 1.50378e-06
27 0.00157738
81 0.000962616
243 0.000309031
729 0.000141443
2187 9.18302e-05
6561 2.16036e-05
19683 1.06266e-05
59049 6.83247e-06
177147 8.0941e-06
531441 2.42881e-06
25 0.00189291
125 0.00049669
625 0.000169317
3125 6.26585e-05
15625 1.10415e-05
78125 5.76474e-06
390625 2.69138e-06
89 0.000880335
233 0.000272044
1597 6.54346e-05
28657 1.24558e-05
514229 2.43247e-06
60 0.00102357
120 0.00051736
360 0.000212038
2520 8.06992e-05
5040 2.96827e-05
55440 6.3447e-06
720720 2.46029e-06
