105 7.98615e-05
1052834 4.36845e-07
1065 3.44565e-05
118800 1.87527e-06
134250 1.53008e-06
13615 4.62445e-06
145299 1.47226e-06
160 0.000190971
16095 6.75357e-06
17442 1.12761e-05
175480 1.23058e-06
181936 1.32725e-06
1854 1.31524e-05
20 0.000299193
20360 5.35512e-06
209583 3.23646e-06
2166 2.71854e-05
225 0.000101901
2540 1.71026e-05
264328 8.82931e-07
28980 3.42097e-06
310 2.36328e-05
33041 4.60104e-06
3388 1.53433e-05
35 0.000162354
39750 2.76594e-06
400896 8.64575e-07
418 4.89744e-05
4392 1.31999e-05
522976 6.18126e-07
536333 6.87289e-07
540 3.57816e-05
55888 3.13862e-06
5590 1.05031e-05
62060 2.82415e-06
66 0.000215752
68700 2.48366e-06
689 5.81089e-05
6972 1.12774e-05
72224 2.47352e-06
732072 5.86589e-07
7743 6.10467e-06
79569 2.85973e-06
8580 8.9962e-06
868 3.41483e-05
91476 3.4473e-06
