16 0.00755804
32 0.00603094
64 0.00678827
128 0.0053783
256 0.00339474
512 0.00248384
1024 0.00157797
2048 0.0015157
4096 0.00114197
8192 0.00075819
16384 0.00062644
32768 0.000274491
65536 0.000221861
131072 0.000212202
262144 9.85575e-05
524288 6.73576e-05
1048576 5.30385e-05
27 0.00882976
81 0.00621637
243 0.00392713
729 0.00274334
2187 0.00130326
6561 0.00102558
19683 0.000566718
59049 0.000229969
177147 0.000127643
531441 8.07615e-05
25 0.00894818
125 0.00620179
625 0.00259711
3125 0.00107179
15625 0.00060699
78125 0.000199125
390625 0.000137967
89 0.00739821
233 0.00382357
1597 0.00156118
28657 0.000397898
514229 7.04702e-05
60 0.0111818
120 0.00604766
360 0.00281085
2520 0.0011921
5040 0.00112279
55440 0.000214255
720720 5.66378e-05
